/Ted/datasets/Garbage/pi/pi_1.jpg 362,60,374,72,0 227,67,251,83,0 478,342,593,437,0
/Ted/datasets/Garbage/pi/pi_10.jpg 235,266,246,277,0 461,340,593,435,0
/Ted/datasets/Garbage/pi/pi_1000.jpg 189,166,197,178,0 353,2,364,8,0
/Ted/datasets/Garbage/pi/pi_1001.jpg 686,316,798,480,0 345,23,355,29,0
/Ted/datasets/Garbage/pi/pi_1002.jpg 269,140,288,150,0 692,325,796,480,0
/Ted/datasets/Garbage/pi/pi_1003.jpg 402,39,414,48,0 688,322,797,480,0 14,372,26,378,0
/Ted/datasets/Garbage/pi/pi_1004.jpg 137,160,147,173,0 693,327,798,480,0
/Ted/datasets/Garbage/pi/pi_1005.jpg 13,54,43,73,0 687,320,800,480,0
/Ted/datasets/Garbage/pi/pi_1006.jpg 689,317,799,480,0 121,78,131,85,0 185,132,193,140,0 273,60,280,66,0
/Ted/datasets/Garbage/pi/pi_1007.jpg 200,176,228,193,0 694,328,798,480,0
/Ted/datasets/Garbage/pi/pi_1008.jpg 698,324,797,480,0 201,211,225,229,0
/Ted/datasets/Garbage/pi/pi_1009.jpg 176,102,187,112,0 695,323,799,480,0 227,339,240,349,0
/Ted/datasets/Garbage/pi/pi_101.jpg 464,341,592,441,0 1,137,8,146,0 143,127,152,133,0
/Ted/datasets/Garbage/pi/pi_1010.jpg 290,324,310,343,0 696,325,798,480,0
/Ted/datasets/Garbage/pi/pi_1011.jpg 695,326,799,480,0 33,266,56,281,0
/Ted/datasets/Garbage/pi/pi_1012.jpg 321,238,330,246,0 700,332,798,480,0
/Ted/datasets/Garbage/pi/pi_1013.jpg 256,92,268,102,0 701,332,798,480,0 464,249,478,261,0
/Ted/datasets/Garbage/pi/pi_1014.jpg 700,327,798,480,0 51,26,78,42,0
/Ted/datasets/Garbage/pi/pi_1015.jpg 121,325,131,340,0 659,292,800,463,0
/Ted/datasets/Garbage/pi/pi_1016.jpg 116,269,127,283,0 660,294,800,462,0
/Ted/datasets/Garbage/pi/pi_1017.jpg 650,283,799,456,0 128,132,150,147,0 302,27,309,33,0
/Ted/datasets/Garbage/pi/pi_1018.jpg 650,287,793,454,0 186,283,197,295,0
/Ted/datasets/Garbage/pi/pi_1019.jpg 261,13,269,22,0 187,106,202,117,0 654,287,795,456,0
/Ted/datasets/Garbage/pi/pi_1020.jpg 90,308,104,319,0 652,288,795,455,0
/Ted/datasets/Garbage/pi/pi_1021.jpg 166,106,175,115,0 660,294,794,455,0
/Ted/datasets/Garbage/pi/pi_1022.jpg 660,301,798,454,0 247,13,255,21,0 112,124,126,135,0
/Ted/datasets/Garbage/pi/pi_1023.jpg 668,310,791,447,0 156,165,167,174,0 75,260,85,268,0
/Ted/datasets/Garbage/pi/pi_1024.jpg 220,37,232,50,0 650,287,784,448,0
/Ted/datasets/Garbage/pi/pi_1025.jpg 39,387,65,405,0 655,287,786,448,0
/Ted/datasets/Garbage/pi/pi_1026.jpg 647,281,783,447,0 227,31,240,40,0
/Ted/datasets/Garbage/pi/pi_1027.jpg 1,395,7,416,0 649,284,784,442,0
/Ted/datasets/Garbage/pi/pi_1028.jpg 637,280,784,437,0 8,415,33,437,0 342,214,362,230,0
/Ted/datasets/Garbage/pi/pi_1029.jpg 220,63,231,71,0 654,300,784,441,0
/Ted/datasets/Garbage/pi/pi_1030.jpg 1,398,11,412,0 660,311,783,440,0
/Ted/datasets/Garbage/pi/pi_1031.jpg 647,280,792,442,0 139,41,157,52,0
/Ted/datasets/Garbage/pi/pi_1032.jpg 650,289,787,440,0 274,7,286,15,0
/Ted/datasets/Garbage/pi/pi_1033.jpg 645,280,792,446,0 108,12,120,20,0 137,229,158,243,0
/Ted/datasets/Garbage/pi/pi_1034.jpg 176,252,183,261,0 637,278,787,435,0
/Ted/datasets/Garbage/pi/pi_1035.jpg 239,18,245,26,0 641,285,784,434,0
/Ted/datasets/Garbage/pi/pi_1036.jpg 121,267,135,279,0 638,286,785,437,0
/Ted/datasets/Garbage/pi/pi_1037.jpg 410,414,424,426,0 642,278,784,432,0
/Ted/datasets/Garbage/pi/pi_1038.jpg 131,39,144,48,0 648,279,784,432,0
/Ted/datasets/Garbage/pi/pi_1039.jpg 640,275,783,438,0 382,208,398,229,0 459,302,471,311,0
/Ted/datasets/Garbage/pi/pi_1040.jpg 317,442,347,471,0 645,282,786,434,0
/Ted/datasets/Garbage/pi/pi_1041.jpg 333,183,354,196,0 643,278,784,433,0
/Ted/datasets/Garbage/pi/pi_1042.jpg 642,272,781,438,0 168,248,181,256,0
/Ted/datasets/Garbage/pi/pi_1043.jpg 645,280,779,438,0 133,288,148,303,0
/Ted/datasets/Garbage/pi/pi_1044.jpg 207,88,229,104,0 647,281,779,434,0
/Ted/datasets/Garbage/pi/pi_1045.jpg 636,286,777,435,0 28,404,68,428,0
/Ted/datasets/Garbage/pi/pi_1046.jpg 212,148,224,162,0 79,91,94,104,0 60,64,72,72,0 637,284,785,432,0
/Ted/datasets/Garbage/pi/pi_1047.jpg 4,285,16,298,0 276,29,288,39,0 636,274,777,438,0
/Ted/datasets/Garbage/pi/pi_1048.jpg 171,207,185,218,0 643,286,777,439,0
/Ted/datasets/Garbage/pi/pi_1049.jpg 120,391,133,407,0 646,269,760,437,0
/Ted/datasets/Garbage/pi/pi_1050.jpg 2,51,16,67,0 647,270,760,435,0
/Ted/datasets/Garbage/pi/pi_1051.jpg 644,270,764,435,0
/Ted/datasets/Garbage/pi/pi_1052.jpg 642,269,766,436,0
/Ted/datasets/Garbage/pi/pi_1053.jpg 4,380,14,394,0 643,268,765,436,0
/Ted/datasets/Garbage/pi/pi_1054.jpg 643,269,765,436,0 247,42,255,51,0
/Ted/datasets/Garbage/pi/pi_1055.jpg 644,269,764,437,0 80,312,91,323,0
/Ted/datasets/Garbage/pi/pi_1056.jpg 258,27,267,36,0 647,271,758,434,0
/Ted/datasets/Garbage/pi/pi_1057.jpg 643,273,764,433,0 91,266,109,281,0
/Ted/datasets/Garbage/pi/pi_1058.jpg 644,274,763,433,0 35,132,42,138,0
/Ted/datasets/Garbage/pi/pi_1059.jpg 646,275,760,434,0 138,144,152,154,0
/Ted/datasets/Garbage/pi/pi_106.jpg 438,346,465,375,0 471,343,596,440,0 236,27,246,35,0
/Ted/datasets/Garbage/pi/pi_1060.jpg 646,272,761,434,0 251,144,261,151,0
/Ted/datasets/Garbage/pi/pi_1061.jpg 644,273,763,433,0 230,351,239,362,0 194,168,204,178,0
/Ted/datasets/Garbage/pi/pi_1062.jpg 642,272,766,434,0 167,210,180,217,0
/Ted/datasets/Garbage/pi/pi_1063.jpg 642,271,766,434,0 281,33,290,40,0
/Ted/datasets/Garbage/pi/pi_1064.jpg 250,147,259,155,0 644,269,763,435,0 229,81,238,89,0
/Ted/datasets/Garbage/pi/pi_1065.jpg 155,471,168,478,0 643,272,763,434,0 42,378,54,389,0
/Ted/datasets/Garbage/pi/pi_1066.jpg 189,331,197,339,0 643,271,763,435,0
/Ted/datasets/Garbage/pi/pi_1067.jpg 633,263,761,435,0 285,194,317,215,0 390,204,414,227,0
/Ted/datasets/Garbage/pi/pi_1068.jpg 302,27,315,35,0 646,269,757,435,0
/Ted/datasets/Garbage/pi/pi_1069.jpg 646,269,759,435,0 197,228,208,243,0
/Ted/datasets/Garbage/pi/pi_107.jpg 468,337,592,440,0 105,273,120,285,0 257,18,266,24,0 263,67,273,74,0
/Ted/datasets/Garbage/pi/pi_1070.jpg 272,375,291,394,0 646,270,757,436,0 87,297,100,306,0
/Ted/datasets/Garbage/pi/pi_1071.jpg 644,270,760,437,0 243,162,258,176,0
/Ted/datasets/Garbage/pi/pi_1072.jpg 646,270,758,437,0 219,297,234,314,0
/Ted/datasets/Garbage/pi/pi_1073.jpg 238,101,257,110,0 648,270,755,437,0 288,136,313,155,0 522,379,569,413,0
/Ted/datasets/Garbage/pi/pi_1074.jpg 286,96,301,104,0 647,270,757,437,0 78,460,102,480,0 520,378,565,411,0
/Ted/datasets/Garbage/pi/pi_1075.jpg 149,413,162,430,0 646,269,755,439,0 519,379,567,414,0
/Ted/datasets/Garbage/pi/pi_1076.jpg 648,270,756,437,0 154,91,173,104,0 523,379,564,411,0
/Ted/datasets/Garbage/pi/pi_1077.jpg 116,159,129,169,0 646,269,756,438,0 522,382,566,410,0
/Ted/datasets/Garbage/pi/pi_1078.jpg 182,46,193,53,0 647,269,756,439,0 523,382,566,412,0 1,164,8,171,0
/Ted/datasets/Garbage/pi/pi_1079.jpg 107,234,118,246,0 647,269,756,439,0 18,103,33,116,0 522,378,565,406,0
/Ted/datasets/Garbage/pi/pi_108.jpg 88,389,108,404,0 132,302,147,310,0 473,343,592,438,0
/Ted/datasets/Garbage/pi/pi_1080.jpg 387,88,402,100,0 647,270,756,438,0 517,377,562,412,0
/Ted/datasets/Garbage/pi/pi_1081.jpg 646,271,758,436,0 84,154,91,161,0 274,27,284,32,0 517,381,565,411,0
/Ted/datasets/Garbage/pi/pi_1082.jpg 141,304,151,311,0 646,271,758,438,0 513,379,576,414,0
/Ted/datasets/Garbage/pi/pi_1083.jpg 282,10,290,18,0 646,269,757,438,0 210,375,222,383,0 510,378,568,412,0
/Ted/datasets/Garbage/pi/pi_1084.jpg 81,269,92,279,0 190,297,221,346,0 647,269,755,437,0 517,376,568,405,0
/Ted/datasets/Garbage/pi/pi_1085.jpg 390,189,416,215,0 647,269,754,437,0 517,375,565,410,0 40,70,49,77,0
/Ted/datasets/Garbage/pi/pi_1086.jpg 330,387,400,433,0 647,271,757,436,0 519,375,565,411,0 96,77,104,83,0 42,135,50,141,0
/Ted/datasets/Garbage/pi/pi_1087.jpg 647,270,756,437,0 148,195,164,207,0 515,379,564,408,0
/Ted/datasets/Garbage/pi/pi_1088.jpg 288,169,303,185,0 646,270,758,437,0 519,378,566,410,0
/Ted/datasets/Garbage/pi/pi_1089.jpg 248,39,267,51,0 226,69,238,81,0 646,271,758,438,0 42,224,62,238,0 517,381,565,414,0
/Ted/datasets/Garbage/pi/pi_1090.jpg 646,269,757,439,0 80,351,100,369,0 517,378,565,411,0 101,300,130,325,0
/Ted/datasets/Garbage/pi/pi_1091.jpg 234,50,252,62,0 645,272,759,438,0 522,380,568,409,0
/Ted/datasets/Garbage/pi/pi_1092.jpg 245,197,252,206,0 320,324,334,331,0 646,271,758,437,0 57,344,85,363,0 522,378,571,411,0
/Ted/datasets/Garbage/pi/pi_1093.jpg 137,80,149,89,0 647,270,756,437,0 522,378,569,410,0
/Ted/datasets/Garbage/pi/pi_1094.jpg 647,275,758,437,0 522,383,570,410,0 136,69,149,78,0 44,115,57,124,0 179,87,189,97,0
/Ted/datasets/Garbage/pi/pi_1095.jpg 647,269,756,438,0 516,382,567,410,0
/Ted/datasets/Garbage/pi/pi_1096.jpg 285,44,291,50,0 87,303,105,318,0 659,296,800,458,0
/Ted/datasets/Garbage/pi/pi_1097.jpg 270,29,279,43,0 657,294,797,463,0
/Ted/datasets/Garbage/pi/pi_1098.jpg 665,289,800,464,0 10,236,27,252,0 378,220,393,232,0
/Ted/datasets/Garbage/pi/pi_1099.jpg 673,288,789,475,0 283,207,305,222,0
/Ted/datasets/Garbage/pi/pi_11.jpg 461,338,594,438,0
/Ted/datasets/Garbage/pi/pi_1100.jpg 664,304,800,477,0 116,63,127,74,0 126,140,138,149,0 305,450,318,462,0 352,432,362,443,0 335,457,342,474,0
/Ted/datasets/Garbage/pi/pi_1101.jpg 685,317,800,480,0 53,356,71,367,0 198,267,223,301,0 237,147,248,154,0
/Ted/datasets/Garbage/pi/pi_1102.jpg 688,318,800,480,0
/Ted/datasets/Garbage/pi/pi_1103.jpg 0,117,7,131,0 684,315,800,480,0
/Ted/datasets/Garbage/pi/pi_1104.jpg 685,319,800,480,0 43,243,74,269,0
/Ted/datasets/Garbage/pi/pi_1105.jpg 10,75,23,87,0 690,320,798,480,0
/Ted/datasets/Garbage/pi/pi_1106.jpg 261,60,273,73,0 688,319,798,480,0
/Ted/datasets/Garbage/pi/pi_1107.jpg 695,324,795,480,0 159,58,174,65,0
/Ted/datasets/Garbage/pi/pi_1108.jpg 694,324,797,480,0 106,255,122,271,0 20,279,28,289,0
/Ted/datasets/Garbage/pi/pi_1109.jpg 117,151,130,160,0 176,101,187,110,0 682,315,800,480,0 189,145,205,161,0 133,232,144,246,0
/Ted/datasets/Garbage/pi/pi_1110.jpg 684,316,800,480,0 94,193,111,207,0
/Ted/datasets/Garbage/pi/pi_1111.jpg 353,280,362,294,0 647,269,756,438,0 512,378,571,409,0
/Ted/datasets/Garbage/pi/pi_1112.jpg 416,274,434,294,0 653,287,794,456,0
/Ted/datasets/Garbage/pi/pi_1113.jpg 242,70,258,81,0 696,324,796,480,0
/Ted/datasets/Garbage/pi/pi_1114.jpg 28,328,37,339,0 700,330,799,480,0
/Ted/datasets/Garbage/pi/pi_1115.jpg 645,272,758,438,0 523,383,561,412,0 48,283,60,292,0 191,97,206,103,0 239,69,254,77,0
/Ted/datasets/Garbage/pi/pi_1116.jpg 640,279,756,439,0 16,277,48,305,0 522,381,561,409,0
/Ted/datasets/Garbage/pi/pi_1117.jpg 400,235,409,250,0 636,267,757,438,0 531,383,565,408,0
/Ted/datasets/Garbage/pi/pi_1118.jpg 167,186,178,197,0 645,276,761,437,0 523,381,569,412,0
/Ted/datasets/Garbage/pi/pi_1119.jpg 274,8,282,17,0 646,278,759,436,0 530,385,568,407,0 122,220,134,232,0
/Ted/datasets/Garbage/pi/pi_1120.jpg 135,226,147,238,0 645,275,759,438,0 532,385,560,403,0 96,225,104,233,0
/Ted/datasets/Garbage/pi/pi_1121.jpg 648,276,757,437,0 192,178,214,205,0 529,381,561,407,0
/Ted/datasets/Garbage/pi/pi_1122.jpg 650,278,755,435,0 532,380,571,409,0 277,1,290,10,0 164,31,175,39,0
/Ted/datasets/Garbage/pi/pi_1123.jpg 648,278,755,435,0 237,87,258,103,0 138,255,152,270,0 534,383,568,409,0
/Ted/datasets/Garbage/pi/pi_1124.jpg 201,277,214,284,0 638,278,754,435,0 531,378,569,408,0 88,333,98,339,0 179,220,187,226,0
/Ted/datasets/Garbage/pi/pi_1125.jpg 518,376,567,409,0 231,198,241,205,0 647,272,756,436,0 239,136,258,152,0
/Ted/datasets/Garbage/pi/pi_1126.jpg 147,174,162,185,0 647,271,756,437,0 523,382,563,407,0
/Ted/datasets/Garbage/pi/pi_1127.jpg 97,78,109,88,0 647,271,754,436,0 520,377,563,408,0
/Ted/datasets/Garbage/pi/pi_1128.jpg 648,274,755,437,0 521,381,565,415,0 54,284,68,293,0
/Ted/datasets/Garbage/pi/pi_1129.jpg 290,178,299,189,0 647,271,753,436,0 521,377,564,408,0
/Ted/datasets/Garbage/pi/pi_1130.jpg 195,237,209,249,0 40,388,55,402,0 645,272,753,436,0 519,376,565,411,0
/Ted/datasets/Garbage/pi/pi_1131.jpg 519,376,565,409,0 645,271,754,437,0 287,43,307,56,0
/Ted/datasets/Garbage/pi/pi_1132.jpg 645,271,754,437,0 163,317,192,344,0 517,380,563,409,0
/Ted/datasets/Garbage/pi/pi_1133.jpg 645,271,754,437,0 250,46,322,80,0 524,380,563,405,0
/Ted/datasets/Garbage/pi/pi_1134.jpg 644,272,756,437,0 123,287,228,371,0 523,379,567,409,0
/Ted/datasets/Garbage/pi/pi_1135.jpg 510,377,567,412,0 218,99,231,111,0 646,271,757,439,0 33,128,45,136,0
/Ted/datasets/Garbage/pi/pi_1136.jpg 514,376,570,416,0 0,423,11,442,0 647,271,755,438,0
/Ted/datasets/Garbage/pi/pi_1137.jpg 506,376,565,416,0 396,390,415,405,0 645,271,754,437,0 183,108,198,118,0
/Ted/datasets/Garbage/pi/pi_1138.jpg 510,376,566,414,0 43,117,68,136,0 646,272,755,437,0
/Ted/datasets/Garbage/pi/pi_1139.jpg 288,103,310,123,0 645,271,755,438,0 515,382,567,411,0
/Ted/datasets/Garbage/pi/pi_114.jpg 224,241,243,258,0 470,339,596,440,0
/Ted/datasets/Garbage/pi/pi_1140.jpg 646,276,758,437,0 523,378,566,407,0 425,91,434,101,0
/Ted/datasets/Garbage/pi/pi_1141.jpg 647,276,757,437,0 519,381,569,412,0 453,199,474,217,0
/Ted/datasets/Garbage/pi/pi_1142.jpg 465,338,485,359,0 646,276,759,436,0 524,377,570,415,0
/Ted/datasets/Garbage/pi/pi_1143.jpg 9,194,26,209,0 647,275,757,437,0 523,384,563,410,0
/Ted/datasets/Garbage/pi/pi_1144.jpg 518,377,574,411,0 646,275,757,437,0 167,47,187,59,0 261,120,269,128,0
/Ted/datasets/Garbage/pi/pi_1145.jpg 90,428,102,444,0 286,82,308,96,0 646,274,757,438,0 520,382,565,410,0
/Ted/datasets/Garbage/pi/pi_1146.jpg 146,191,166,201,0 181,354,201,380,0 646,272,756,439,0 516,383,563,408,0
/Ted/datasets/Garbage/pi/pi_1147.jpg 645,275,759,438,0 519,383,569,408,0 216,112,229,123,0 98,147,108,154,0
/Ted/datasets/Garbage/pi/pi_1148.jpg 513,378,570,415,0 645,274,759,438,0 196,256,215,270,0 227,327,237,335,0
/Ted/datasets/Garbage/pi/pi_1149.jpg 85,169,94,179,0 514,378,569,416,0 648,277,756,435,0
/Ted/datasets/Garbage/pi/pi_1150.jpg 151,421,161,435,0 652,279,753,432,0 517,382,569,418,0
/Ted/datasets/Garbage/pi/pi_1151.jpg 184,127,200,139,0 649,277,756,435,0 518,381,561,418,0
/Ted/datasets/Garbage/pi/pi_1152.jpg 651,276,752,434,0 266,119,275,129,0 521,379,571,417,0
/Ted/datasets/Garbage/pi/pi_1153.jpg 651,279,753,434,0 520,378,564,413,0
/Ted/datasets/Garbage/pi/pi_1154.jpg 327,108,375,160,0 649,304,754,435,0 523,378,565,417,0
/Ted/datasets/Garbage/pi/pi_1155.jpg 651,283,753,431,0 254,331,371,421,0 524,379,567,410,0
/Ted/datasets/Garbage/pi/pi_1156.jpg 182,1,193,8,0 645,270,758,439,0 524,377,564,410,0
/Ted/datasets/Garbage/pi/pi_1157.jpg 177,29,185,37,0 647,270,757,437,0 523,383,569,413,0
/Ted/datasets/Garbage/pi/pi_1158.jpg 331,70,346,84,0 67,17,90,34,0 647,270,756,438,0 518,383,565,414,0
/Ted/datasets/Garbage/pi/pi_1159.jpg 645,270,760,436,0 318,13,332,26,0
/Ted/datasets/Garbage/pi/pi_1160.jpg 285,237,296,250,0 104,451,124,467,0 645,269,759,436,0
/Ted/datasets/Garbage/pi/pi_1161.jpg 362,250,374,262,0 643,272,762,437,0
/Ted/datasets/Garbage/pi/pi_1162.jpg 328,353,427,454,0 642,272,765,434,0
/Ted/datasets/Garbage/pi/pi_1163.jpg 136,328,143,339,0 642,272,766,435,0
/Ted/datasets/Garbage/pi/pi_1164.jpg 641,277,777,441,0 252,61,263,71,0
/Ted/datasets/Garbage/pi/pi_1165.jpg 360,161,381,179,0 632,278,784,433,0
/Ted/datasets/Garbage/pi/pi_1166.jpg 253,35,260,42,0 39,158,49,167,0 642,278,784,438,0
/Ted/datasets/Garbage/pi/pi_1167.jpg 228,79,246,95,0 382,57,398,69,0 641,274,789,438,0
/Ted/datasets/Garbage/pi/pi_1168.jpg 136,202,151,214,0 652,280,784,441,0
/Ted/datasets/Garbage/pi/pi_1169.jpg 7,263,20,274,0 649,289,779,447,0
/Ted/datasets/Garbage/pi/pi_1170.jpg 646,284,757,444,0 433,332,456,353,0 520,375,562,411,0
/Ted/datasets/Garbage/pi/pi_1171.jpg 515,376,567,421,0 646,282,753,441,0 212,186,237,200,0
/Ted/datasets/Garbage/pi/pi_1172.jpg 515,375,570,420,0 647,271,754,436,0 266,64,283,74,0
/Ted/datasets/Garbage/pi/pi_1173.jpg 648,275,755,434,0 199,253,218,268,0 516,371,569,420,0
/Ted/datasets/Garbage/pi/pi_1174.jpg 652,278,750,435,0 276,16,292,25,0 516,379,564,413,0
/Ted/datasets/Garbage/pi/pi_1175.jpg 648,276,748,435,0 208,142,225,156,0 515,375,569,415,0
/Ted/datasets/Garbage/pi/pi_1176.jpg 650,276,750,437,0 61,388,82,412,0 515,374,563,414,0
/Ted/datasets/Garbage/pi/pi_1177.jpg 513,375,571,422,0 649,278,751,434,0 285,394,319,429,0 310,202,326,218,0
/Ted/datasets/Garbage/pi/pi_1178.jpg 650,276,750,437,0 247,282,265,297,0 517,365,569,424,0
/Ted/datasets/Garbage/pi/pi_1179.jpg 645,322,752,428,0 293,385,311,405,0 517,363,568,428,0
/Ted/datasets/Garbage/pi/pi_1180.jpg 646,316,751,431,0 294,104,311,117,0 514,363,568,426,0
/Ted/datasets/Garbage/pi/pi_1181.jpg 647,314,752,433,0 220,324,239,348,0 512,362,570,422,0
/Ted/datasets/Garbage/pi/pi_1182.jpg 194,150,204,160,0 515,338,578,432,0 662,325,773,465,0 611,453,638,479,0
/Ted/datasets/Garbage/pi/pi_1183.jpg 609,448,632,477,0 665,315,773,478,0 215,83,222,91,0 508,334,585,443,0
/Ted/datasets/Garbage/pi/pi_1184.jpg 608,447,632,476,0 72,103,78,112,0 511,335,584,433,0 676,325,782,463,0
/Ted/datasets/Garbage/pi/pi_1185.jpg 608,447,632,476,0 269,124,279,131,0 389,208,405,224,0 511,336,584,432,0 202,155,217,170,0 679,324,784,459,0
/Ted/datasets/Garbage/pi/pi_1186.jpg 607,446,632,475,0 511,336,584,433,0 264,93,277,103,0 682,316,778,455,0
/Ted/datasets/Garbage/pi/pi_1187.jpg 683,453,698,475,0 340,331,364,360,0 608,446,632,476,0 396,197,428,239,0 114,81,124,90,0 511,336,584,433,0 678,324,781,449,0
/Ted/datasets/Garbage/pi/pi_1188.jpg 606,447,632,474,0 83,131,91,142,0 510,334,583,431,0 683,320,772,448,0
/Ted/datasets/Garbage/pi/pi_1189.jpg 608,447,633,476,0 513,331,581,434,0 219,62,237,75,0 682,323,784,449,0
/Ted/datasets/Garbage/pi/pi_1190.jpg 610,447,632,475,0 509,334,582,430,0 44,132,55,144,0 685,315,775,448,0
/Ted/datasets/Garbage/pi/pi_1191.jpg 609,447,632,476,0 512,332,577,428,0 233,90,250,104,0 678,315,782,453,0
/Ted/datasets/Garbage/pi/pi_1192.jpg 16,283,25,295,0 513,333,576,429,0 33,397,48,410,0 678,313,778,454,0
/Ted/datasets/Garbage/pi/pi_1193.jpg 515,336,575,426,0 384,171,405,187,0 677,313,789,451,0 258,463,284,480,0
/Ted/datasets/Garbage/pi/pi_1194.jpg 238,45,245,52,0 513,329,577,428,0 678,313,785,454,0
/Ted/datasets/Garbage/pi/pi_1195.jpg 270,67,281,77,0 512,334,577,428,0 677,302,783,450,0
/Ted/datasets/Garbage/pi/pi_1196.jpg 346,416,358,430,0 512,331,575,436,0 672,313,777,456,0
/Ted/datasets/Garbage/pi/pi_1197.jpg 684,308,800,480,0 511,329,578,436,0 351,233,374,250,0
/Ted/datasets/Garbage/pi/pi_1198.jpg 705,327,799,480,0 136,133,150,144,0
/Ted/datasets/Garbage/pi/pi_1199.jpg 715,369,794,480,0 329,406,375,446,0
/Ted/datasets/Garbage/pi/pi_12.jpg 93,195,104,206,0 462,340,593,434,0
/Ted/datasets/Garbage/pi/pi_1200.jpg 396,145,422,169,0 706,337,800,480,0
/Ted/datasets/Garbage/pi/pi_1201.jpg 386,301,423,337,0 712,348,794,480,0
/Ted/datasets/Garbage/pi/pi_1202.jpg 214,338,223,353,0 712,349,795,480,0
/Ted/datasets/Garbage/pi/pi_1203.jpg 293,228,316,245,0 705,338,800,480,0
/Ted/datasets/Garbage/pi/pi_1204.jpg 151,406,164,420,0 714,369,795,480,0 140,53,159,65,0
/Ted/datasets/Garbage/pi/pi_1205.jpg 715,369,794,480,0 216,207,232,224,0
/Ted/datasets/Garbage/pi/pi_1206.jpg 374,397,406,441,0 290,27,299,36,0 702,335,800,480,0
/Ted/datasets/Garbage/pi/pi_1207.jpg 108,315,120,329,0 712,370,794,480,0
/Ted/datasets/Garbage/pi/pi_1208.jpg 682,304,800,480,0 516,330,577,433,0 110,237,127,253,0
/Ted/datasets/Garbage/pi/pi_1209.jpg 511,332,567,432,0 85,268,109,290,0 679,313,800,480,0
/Ted/datasets/Garbage/pi/pi_121.jpg 470,343,597,438,0 245,180,255,188,0 119,55,129,64,0
/Ted/datasets/Garbage/pi/pi_1210.jpg 512,335,575,436,0 351,388,365,410,0 680,317,800,480,0
/Ted/datasets/Garbage/pi/pi_1211.jpg 684,452,698,474,0 184,116,219,146,0 606,446,632,475,0 508,334,584,434,0 679,316,800,480,0
/Ted/datasets/Garbage/pi/pi_1212.jpg 606,446,632,474,0 168,251,180,262,0 510,335,584,432,0 678,311,800,480,0 683,455,701,474,0
/Ted/datasets/Garbage/pi/pi_1213.jpg 714,372,795,480,0 32,373,52,396,0
/Ted/datasets/Garbage/pi/pi_1214.jpg 713,370,794,480,0 129,303,151,321,0 318,259,333,269,0
/Ted/datasets/Garbage/pi/pi_1215.jpg 714,370,795,480,0 104,415,118,426,0
/Ted/datasets/Garbage/pi/pi_1216.jpg 711,352,794,480,0 278,321,329,366,0
/Ted/datasets/Garbage/pi/pi_1217.jpg 720,370,796,480,0 445,291,457,302,0
/Ted/datasets/Garbage/pi/pi_1218.jpg 286,259,304,276,0 710,353,793,477,0
/Ted/datasets/Garbage/pi/pi_1219.jpg 474,369,485,379,0 716,358,792,475,0
/Ted/datasets/Garbage/pi/pi_122.jpg 471,342,592,443,0 308,135,331,151,0 133,339,148,352,0
/Ted/datasets/Garbage/pi/pi_1220.jpg 702,323,800,480,0 261,55,276,65,0 331,379,351,399,0
/Ted/datasets/Garbage/pi/pi_1221.jpg 316,116,324,124,0 702,322,800,480,0 26,397,51,418,0
/Ted/datasets/Garbage/pi/pi_1222.jpg 16,153,40,175,0 719,349,796,480,0 0,84,13,102,0
/Ted/datasets/Garbage/pi/pi_1223.jpg 247,152,256,161,0 703,340,795,480,0
/Ted/datasets/Garbage/pi/pi_1224.jpg 706,332,794,480,0
/Ted/datasets/Garbage/pi/pi_1225.jpg 704,336,795,480,0 190,59,209,71,0
/Ted/datasets/Garbage/pi/pi_1226.jpg 716,370,794,480,0 105,357,118,372,0
/Ted/datasets/Garbage/pi/pi_1227.jpg 159,11,168,19,0 710,351,795,480,0
/Ted/datasets/Garbage/pi/pi_1228.jpg 710,348,795,480,0 378,173,420,193,0
/Ted/datasets/Garbage/pi/pi_1229.jpg 491,307,516,336,0 711,348,794,480,0
/Ted/datasets/Garbage/pi/pi_123.jpg 475,343,592,437,0 248,153,262,160,0
/Ted/datasets/Garbage/pi/pi_1230.jpg 698,339,800,473,0 279,255,301,279,0
/Ted/datasets/Garbage/pi/pi_1231.jpg 698,319,800,480,0 190,25,205,38,0
/Ted/datasets/Garbage/pi/pi_1232.jpg 714,349,794,477,0 270,90,293,109,0
/Ted/datasets/Garbage/pi/pi_1233.jpg 716,353,800,480,0
/Ted/datasets/Garbage/pi/pi_1234.jpg 694,339,800,480,0 70,88,112,131,0 310,114,323,124,0
/Ted/datasets/Garbage/pi/pi_1235.jpg 689,330,800,480,0 219,224,234,234,0 217,193,229,204,0
/Ted/datasets/Garbage/pi/pi_1236.jpg 707,357,800,473,0 290,349,304,371,0
/Ted/datasets/Garbage/pi/pi_1237.jpg 706,340,795,480,0 296,217,305,228,0
/Ted/datasets/Garbage/pi/pi_1238.jpg 235,280,249,294,0 700,348,800,480,0 238,75,261,91,0
/Ted/datasets/Garbage/pi/pi_1239.jpg 693,334,800,480,0 83,426,137,478,0
/Ted/datasets/Garbage/pi/pi_1240.jpg 702,334,800,480,0 327,343,356,361,0
/Ted/datasets/Garbage/pi/pi_1241.jpg 684,305,800,480,0 62,326,84,356,0
/Ted/datasets/Garbage/pi/pi_1242.jpg 682,310,800,480,0 304,63,327,77,0
/Ted/datasets/Garbage/pi/pi_1243.jpg 682,302,800,480,0 148,422,178,460,0
/Ted/datasets/Garbage/pi/pi_1244.jpg 321,49,333,59,0 685,303,800,480,0 288,203,313,218,0
/Ted/datasets/Garbage/pi/pi_1245.jpg 677,306,800,480,0 272,326,289,342,0
/Ted/datasets/Garbage/pi/pi_1246.jpg 160,182,176,191,0 702,330,800,480,0 233,91,240,97,0 365,43,376,51,0
/Ted/datasets/Garbage/pi/pi_1247.jpg 300,394,337,432,0 289,91,322,117,0 680,304,800,480,0
/Ted/datasets/Garbage/pi/pi_1248.jpg 681,298,800,480,0 357,124,377,138,0
/Ted/datasets/Garbage/pi/pi_1249.jpg 683,301,800,480,0 314,404,340,424,0
/Ted/datasets/Garbage/pi/pi_1250.jpg 680,300,800,480,0 296,38,310,50,0
/Ted/datasets/Garbage/pi/pi_1251.jpg 680,304,800,480,0 212,310,233,326,0
/Ted/datasets/Garbage/pi/pi_1252.jpg 675,301,800,480,0 104,292,120,304,0
/Ted/datasets/Garbage/pi/pi_1253.jpg 681,306,800,480,0 239,163,258,177,0 1,227,22,243,0
/Ted/datasets/Garbage/pi/pi_1254.jpg 237,191,248,198,0 684,302,800,480,0 626,297,640,313,0 245,121,252,127,0
/Ted/datasets/Garbage/pi/pi_1255.jpg 679,302,800,480,0 242,78,259,95,0 688,379,702,395,0
/Ted/datasets/Garbage/pi/pi_1256.jpg 679,304,800,480,0 66,450,99,480,0 347,43,357,51,0
/Ted/datasets/Garbage/pi/pi_1257.jpg 678,304,800,480,0 265,255,275,266,0
/Ted/datasets/Garbage/pi/pi_1258.jpg 681,306,800,480,0 204,184,219,194,0 407,62,419,70,0
/Ted/datasets/Garbage/pi/pi_1259.jpg 374,220,390,231,0 696,325,800,480,0 147,150,164,160,0
/Ted/datasets/Garbage/pi/pi_1260.jpg 201,141,218,155,0 681,305,800,480,0
/Ted/datasets/Garbage/pi/pi_1261.jpg 21,235,38,244,0 683,298,800,480,0 442,396,462,413,0 65,339,80,354,0 152,98,161,104,0
/Ted/datasets/Garbage/pi/pi_1262.jpg 321,302,346,323,0 679,301,800,480,0 2,231,31,248,0 312,464,332,480,0
/Ted/datasets/Garbage/pi/pi_1263.jpg 679,305,800,480,0 385,62,410,81,0
/Ted/datasets/Garbage/pi/pi_1264.jpg 290,53,301,63,0 671,301,800,480,0
/Ted/datasets/Garbage/pi/pi_1265.jpg 161,294,174,307,0 677,301,800,480,0 124,162,133,171,0
/Ted/datasets/Garbage/pi/pi_1266.jpg 156,138,167,152,0 679,306,800,480,0 399,19,410,26,0
/Ted/datasets/Garbage/pi/pi_1267.jpg 209,210,219,222,0 682,305,800,480,0
/Ted/datasets/Garbage/pi/pi_1268.jpg 684,307,800,480,0 281,36,300,55,0 24,139,64,179,0
/Ted/datasets/Garbage/pi/pi_1269.jpg 226,149,238,160,0 682,301,800,480,0 137,302,176,325,0
/Ted/datasets/Garbage/pi/pi_127.jpg 220,122,248,142,0 471,339,596,441,0
/Ted/datasets/Garbage/pi/pi_1270.jpg 686,305,800,480,0 190,232,205,246,0
/Ted/datasets/Garbage/pi/pi_1271.jpg 678,302,800,480,0 108,207,131,220,0 417,149,437,168,0
/Ted/datasets/Garbage/pi/pi_1272.jpg 691,315,798,480,0 230,92,249,112,0
/Ted/datasets/Garbage/pi/pi_1273.jpg 395,256,419,275,0 1,436,17,462,0 692,317,799,480,0
/Ted/datasets/Garbage/pi/pi_1274.jpg 317,272,328,282,0 386,46,398,54,0 397,131,410,149,0 686,304,799,480,0
/Ted/datasets/Garbage/pi/pi_1275.jpg 682,300,800,480,0 358,347,374,364,0
/Ted/datasets/Garbage/pi/pi_1276.jpg 201,371,218,381,0 677,301,799,480,0
/Ted/datasets/Garbage/pi/pi_1277.jpg 681,309,800,480,0 223,241,233,257,0
/Ted/datasets/Garbage/pi/pi_1278.jpg 700,336,800,479,0 220,193,231,205,0
/Ted/datasets/Garbage/pi/pi_1279.jpg 685,320,800,480,0 239,196,251,209,0 397,1,411,6,0
/Ted/datasets/Garbage/pi/pi_128.jpg 471,341,596,435,0 369,358,396,387,0 393,343,410,360,0
/Ted/datasets/Garbage/pi/pi_1280.jpg 701,328,799,480,0 277,78,290,88,0
/Ted/datasets/Garbage/pi/pi_1281.jpg 708,340,800,480,0 317,208,327,221,0
/Ted/datasets/Garbage/pi/pi_1282.jpg 248,202,260,215,0 689,320,794,480,0 331,77,364,97,0
/Ted/datasets/Garbage/pi/pi_1283.jpg 711,356,791,478,0 78,454,92,474,0 182,336,194,348,0
/Ted/datasets/Garbage/pi/pi_1284.jpg 244,44,259,55,0 712,370,795,480,0
/Ted/datasets/Garbage/pi/pi_1285.jpg 98,164,109,176,0 691,315,799,480,0
/Ted/datasets/Garbage/pi/pi_1286.jpg 514,374,569,420,0 689,313,798,480,0 338,27,348,34,0
/Ted/datasets/Garbage/pi/pi_1287.jpg 515,375,569,419,0 689,314,799,480,0 274,211,286,223,0
/Ted/datasets/Garbage/pi/pi_1288.jpg 515,374,568,418,0 690,312,799,480,0 37,352,51,367,0
/Ted/datasets/Garbage/pi/pi_1289.jpg 515,375,568,417,0 688,314,799,480,0 49,337,69,355,0
/Ted/datasets/Garbage/pi/pi_1290.jpg 515,375,568,417,0 690,316,799,480,0 246,28,256,38,0
/Ted/datasets/Garbage/pi/pi_1291.jpg 515,372,570,427,0 689,313,799,480,0 25,333,41,350,0
/Ted/datasets/Garbage/pi/pi_1292.jpg 148,336,162,349,0 515,375,569,419,0 689,314,799,480,0 139,162,154,174,0
/Ted/datasets/Garbage/pi/pi_1293.jpg 513,376,568,419,0 691,316,799,480,0 230,160,257,179,0
/Ted/datasets/Garbage/pi/pi_1294.jpg 33,315,45,329,0 307,386,320,403,0 690,317,799,480,0 512,376,571,418,0
/Ted/datasets/Garbage/pi/pi_1295.jpg 273,244,279,253,0 135,284,145,293,0 689,315,799,480,0 513,376,569,419,0
/Ted/datasets/Garbage/pi/pi_1296.jpg 92,178,108,191,0 35,318,71,372,0 688,314,800,480,0 513,375,573,420,0
/Ted/datasets/Garbage/pi/pi_1297.jpg 685,311,800,480,0 177,374,187,389,0 157,294,172,309,0 513,375,568,419,0
/Ted/datasets/Garbage/pi/pi_1298.jpg 684,311,800,480,0 513,364,579,416,0 107,268,126,293,0
/Ted/datasets/Garbage/pi/pi_1299.jpg 684,310,800,480,0 512,363,579,415,0 270,144,292,160,0
/Ted/datasets/Garbage/pi/pi_13.jpg 239,31,247,40,0 464,340,590,432,0
/Ted/datasets/Garbage/pi/pi_1300.jpg 685,310,800,480,0 141,302,158,316,0 512,364,578,415,0
/Ted/datasets/Garbage/pi/pi_1301.jpg 685,312,800,480,0 359,108,373,123,0 512,364,580,415,0
/Ted/datasets/Garbage/pi/pi_1302.jpg 687,316,800,480,0 375,198,400,221,0 512,364,578,416,0
/Ted/datasets/Garbage/pi/pi_1303.jpg 687,314,800,480,0 512,364,579,415,0 370,166,384,182,0
/Ted/datasets/Garbage/pi/pi_1304.jpg 686,313,800,480,0 512,364,579,416,0 359,386,382,407,0
/Ted/datasets/Garbage/pi/pi_1305.jpg 40,132,48,141,0 686,313,800,480,0 206,228,222,244,0 513,364,577,418,0
/Ted/datasets/Garbage/pi/pi_1306.jpg 106,269,116,278,0 676,284,790,480,0 513,364,579,418,0 59,291,96,318,0
/Ted/datasets/Garbage/pi/pi_1307.jpg 448,178,482,213,0 517,318,556,358,0 685,310,800,480,0 511,366,580,417,0
/Ted/datasets/Garbage/pi/pi_1308.jpg 385,416,441,467,0 680,304,792,480,0 512,364,578,418,0
/Ted/datasets/Garbage/pi/pi_1309.jpg 244,221,251,234,0 242,166,254,177,0 677,307,793,480,0 512,364,578,418,0
/Ted/datasets/Garbage/pi/pi_1310.jpg 284,115,291,124,0 511,363,578,418,0 677,315,797,480,0 53,265,67,278,0
/Ted/datasets/Garbage/pi/pi_1311.jpg 200,303,213,315,0 189,403,198,414,0 512,363,579,418,0 675,295,797,480,0 216,42,228,53,0
/Ted/datasets/Garbage/pi/pi_1312.jpg 513,362,578,419,0 684,320,798,480,0 65,308,82,328,0
/Ted/datasets/Garbage/pi/pi_1313.jpg 512,368,579,426,0 673,312,796,480,0 222,343,243,361,0
/Ted/datasets/Garbage/pi/pi_1314.jpg 513,369,581,422,0 279,286,290,296,0 676,319,798,480,0
/Ted/datasets/Garbage/pi/pi_1315.jpg 220,119,236,130,0 689,316,800,480,0 521,374,569,410,0 175,190,188,198,0
/Ted/datasets/Garbage/pi/pi_1316.jpg 80,265,93,278,0 682,301,800,480,0 525,380,565,417,0
/Ted/datasets/Garbage/pi/pi_1317.jpg 678,301,800,480,0 135,93,149,105,0 522,378,576,414,0
/Ted/datasets/Garbage/pi/pi_1318.jpg 95,279,108,291,0 238,335,269,361,0 675,300,800,480,0
/Ted/datasets/Garbage/pi/pi_1319.jpg 435,160,445,173,0 684,296,800,480,0
/Ted/datasets/Garbage/pi/pi_132.jpg 287,49,315,64,0 474,340,594,441,0
/Ted/datasets/Garbage/pi/pi_1320.jpg 682,305,800,480,0 234,33,250,43,0 127,147,146,163,0 423,204,440,214,0
/Ted/datasets/Garbage/pi/pi_1321.jpg 252,130,261,140,0 682,304,800,480,0 338,223,380,246,0
/Ted/datasets/Garbage/pi/pi_1322.jpg 678,303,800,480,0 135,199,149,211,0 213,129,224,136,0
/Ted/datasets/Garbage/pi/pi_1323.jpg 681,305,800,480,0 201,198,217,207,0
/Ted/datasets/Garbage/pi/pi_1324.jpg 218,204,230,215,0 683,301,800,480,0
/Ted/datasets/Garbage/pi/pi_1325.jpg 161,117,174,128,0 694,332,800,480,0
/Ted/datasets/Garbage/pi/pi_1326.jpg 369,108,376,118,0 711,349,795,477,0
/Ted/datasets/Garbage/pi/pi_1327.jpg 678,306,800,480,0 512,342,576,438,0 248,44,261,55,0
/Ted/datasets/Garbage/pi/pi_1328.jpg 268,22,283,32,0 512,368,576,425,0 310,135,325,146,0 678,447,697,473,0
/Ted/datasets/Garbage/pi/pi_1329.jpg 679,311,798,480,0 513,367,578,423,0 203,318,215,333,0
/Ted/datasets/Garbage/pi/pi_133.jpg 163,328,202,350,0 474,339,592,437,0
/Ted/datasets/Garbage/pi/pi_1330.jpg 515,375,567,419,0 690,314,798,480,0 179,202,197,208,0
/Ted/datasets/Garbage/pi/pi_1331.jpg 698,341,800,474,0 300,135,319,154,0
/Ted/datasets/Garbage/pi/pi_1332.jpg 188,87,209,98,0 369,403,388,420,0 683,313,800,480,0
/Ted/datasets/Garbage/pi/pi_1333.jpg 513,364,577,418,0 694,323,797,480,0 21,450,32,468,0 167,285,199,301,0
/Ted/datasets/Garbage/pi/pi_1334.jpg 295,16,360,45,0 695,325,797,480,0 512,363,577,418,0 1,360,149,463,0
/Ted/datasets/Garbage/pi/pi_1335.jpg 231,98,241,107,0 513,368,576,423,0 677,311,798,480,0
/Ted/datasets/Garbage/pi/pi_1336.jpg 510,368,573,423,0 674,317,800,480,0 91,435,106,448,0
/Ted/datasets/Garbage/pi/pi_1337.jpg 512,369,573,426,0 694,314,799,480,0 151,211,167,225,0
/Ted/datasets/Garbage/pi/pi_1338.jpg 515,369,580,430,0 402,325,422,350,0 692,317,800,480,0 111,193,132,212,0
/Ted/datasets/Garbage/pi/pi_1339.jpg 688,310,800,480,0 512,366,573,425,0 161,195,175,209,0
/Ted/datasets/Garbage/pi/pi_134.jpg 472,344,593,437,0 127,100,138,109,0
/Ted/datasets/Garbage/pi/pi_1340.jpg 683,308,800,480,0 142,144,149,154,0 515,367,575,424,0
/Ted/datasets/Garbage/pi/pi_1341.jpg 684,307,800,480,0 3,402,18,415,0 515,370,576,427,0
/Ted/datasets/Garbage/pi/pi_1342.jpg 210,263,223,272,0 685,306,800,480,0 514,369,578,430,0
/Ted/datasets/Garbage/pi/pi_1343.jpg 685,307,800,480,0 105,285,114,296,0 511,365,575,426,0
/Ted/datasets/Garbage/pi/pi_1344.jpg 511,363,578,418,0 674,313,797,480,0 233,191,243,207,0
/Ted/datasets/Garbage/pi/pi_1345.jpg 487,215,521,239,0 40,394,48,405,0 679,317,793,480,0 513,364,578,419,0
/Ted/datasets/Garbage/pi/pi_1346.jpg 684,308,800,480,0 512,364,577,418,0 246,42,271,56,0 256,20,265,27,0
/Ted/datasets/Garbage/pi/pi_1347.jpg 685,316,800,480,0 189,98,208,113,0 513,364,578,418,0
/Ted/datasets/Garbage/pi/pi_1348.jpg 685,313,800,480,0 512,364,578,416,0 247,405,265,421,0
/Ted/datasets/Garbage/pi/pi_1349.jpg 684,311,800,480,0 341,153,362,168,0 512,370,579,421,0
/Ted/datasets/Garbage/pi/pi_135.jpg 475,342,596,437,0 331,327,339,334,0
/Ted/datasets/Garbage/pi/pi_1350.jpg 684,311,800,480,0 513,363,580,416,0 274,339,303,358,0
/Ted/datasets/Garbage/pi/pi_1351.jpg 691,318,799,480,0 186,231,209,250,0 513,376,569,418,0 1,364,8,377,0
/Ted/datasets/Garbage/pi/pi_1352.jpg 244,116,261,126,0 680,308,799,480,0 514,376,568,418,0
/Ted/datasets/Garbage/pi/pi_1353.jpg 512,363,576,421,0 169,204,190,216,0 678,447,697,470,0 276,336,300,355,0 677,309,800,480,0
/Ted/datasets/Garbage/pi/pi_1354.jpg 682,304,800,480,0 512,364,575,429,0 306,160,318,173,0 677,446,696,470,0
/Ted/datasets/Garbage/pi/pi_1355.jpg 512,363,577,428,0 228,407,253,424,0 667,447,695,477,0 681,312,800,480,0
/Ted/datasets/Garbage/pi/pi_1356.jpg 678,311,800,480,0 250,323,268,338,0 352,299,376,327,0 507,133,522,149,0 514,364,577,419,0
/Ted/datasets/Garbage/pi/pi_1357.jpg 503,141,520,156,0 513,364,577,419,0 684,312,800,480,0
/Ted/datasets/Garbage/pi/pi_1358.jpg 680,309,800,480,0 513,364,577,419,0 510,147,526,164,0
/Ted/datasets/Garbage/pi/pi_1359.jpg 678,294,800,480,0 509,159,530,174,0 514,364,576,419,0
/Ted/datasets/Garbage/pi/pi_136.jpg 471,343,593,441,0 271,202,279,209,0 159,262,167,269,0
/Ted/datasets/Garbage/pi/pi_1360.jpg 677,299,800,480,0 513,175,530,194,0 513,364,576,418,0
/Ted/datasets/Garbage/pi/pi_1361.jpg 681,305,800,480,0 514,364,577,418,0 522,204,542,223,0
/Ted/datasets/Garbage/pi/pi_1362.jpg 678,301,800,480,0 544,242,566,265,0 514,364,576,419,0
/Ted/datasets/Garbage/pi/pi_1363.jpg 679,296,800,480,0 513,364,576,418,0 580,277,604,298,0
/Ted/datasets/Garbage/pi/pi_1364.jpg 682,302,800,480,0 622,312,645,334,0 514,364,576,418,0
/Ted/datasets/Garbage/pi/pi_1365.jpg 126,175,135,183,0 514,363,577,419,0 652,354,677,377,0 684,314,800,480,0
/Ted/datasets/Garbage/pi/pi_1366.jpg 680,301,800,480,0 513,364,577,418,0 677,420,701,446,0 201,100,218,116,0
/Ted/datasets/Garbage/pi/pi_1367.jpg 679,445,697,469,0 513,364,576,417,0 45,362,73,392,0 680,309,800,480,0
/Ted/datasets/Garbage/pi/pi_1368.jpg 678,447,698,471,0 512,366,575,422,0 64,358,80,374,0 683,312,800,480,0
/Ted/datasets/Garbage/pi/pi_1369.jpg 132,167,147,183,0 513,364,577,418,0 682,310,800,480,0
/Ted/datasets/Garbage/pi/pi_137.jpg 469,341,590,440,0 284,60,304,72,0 189,34,203,45,0
/Ted/datasets/Garbage/pi/pi_1370.jpg 680,311,800,480,0 513,362,575,421,0 137,300,197,363,0
/Ted/datasets/Garbage/pi/pi_1371.jpg 509,367,568,425,0 677,302,799,480,0 139,332,155,344,0
/Ted/datasets/Garbage/pi/pi_1372.jpg 513,361,571,422,0 686,312,800,480,0 305,164,323,178,0 194,136,221,155,0
/Ted/datasets/Garbage/pi/pi_1373.jpg 691,318,800,480,0 242,256,263,281,0 515,362,567,425,0
/Ted/datasets/Garbage/pi/pi_1374.jpg 671,305,800,480,0 510,360,572,426,0 214,241,228,252,0
/Ted/datasets/Garbage/pi/pi_1375.jpg 512,343,575,426,0 249,17,260,25,0 688,311,800,480,0
/Ted/datasets/Garbage/pi/pi_1376.jpg 511,359,573,421,0 139,183,146,196,0 677,312,800,480,0
/Ted/datasets/Garbage/pi/pi_1377.jpg 693,314,800,480,0 513,349,574,428,0
/Ted/datasets/Garbage/pi/pi_1378.jpg 681,309,800,480,0 296,5,309,18,0 521,345,571,428,0
/Ted/datasets/Garbage/pi/pi_1379.jpg 679,319,800,480,0 184,159,211,175,0 540,371,569,394,0
/Ted/datasets/Garbage/pi/pi_138.jpg 148,377,178,399,0 478,343,597,437,0 540,452,581,480,0
/Ted/datasets/Garbage/pi/pi_1380.jpg 685,307,800,480,0 511,364,576,426,0 311,199,321,210,0
/Ted/datasets/Garbage/pi/pi_1381.jpg 81,96,99,115,0 685,305,800,480,0 511,364,575,426,0
/Ted/datasets/Garbage/pi/pi_1382.jpg 687,312,800,480,0 245,50,257,62,0 513,363,574,420,0
/Ted/datasets/Garbage/pi/pi_1383.jpg 513,363,575,419,0 692,318,800,480,0 232,23,244,34,0
/Ted/datasets/Garbage/pi/pi_1384.jpg 513,362,575,419,0 384,67,400,80,0 693,311,800,480,0
/Ted/datasets/Garbage/pi/pi_1385.jpg 511,362,575,416,0 697,324,798,480,0 218,210,230,220,0
/Ted/datasets/Garbage/pi/pi_1386.jpg 327,23,356,48,0 512,363,576,418,0 696,325,797,480,0 178,87,287,129,0
/Ted/datasets/Garbage/pi/pi_1387.jpg 510,339,573,428,0 229,71,246,83,0 681,321,800,480,0
/Ted/datasets/Garbage/pi/pi_1388.jpg 511,333,577,426,0 312,307,322,323,0 84,292,104,313,0 682,316,800,480,0
/Ted/datasets/Garbage/pi/pi_1389.jpg 194,91,201,102,0 511,332,577,427,0 679,311,800,480,0
/Ted/datasets/Garbage/pi/pi_1390.jpg 678,320,800,480,0 513,337,572,426,0 78,143,104,159,0
/Ted/datasets/Garbage/pi/pi_1391.jpg 678,310,799,480,0 516,332,573,426,0 100,139,107,146,0
/Ted/datasets/Garbage/pi/pi_1392.jpg 513,336,577,430,0 149,278,165,295,0 675,317,800,480,0
/Ted/datasets/Garbage/pi/pi_1393.jpg 144,172,154,182,0 511,341,578,435,0 674,315,800,480,0
/Ted/datasets/Garbage/pi/pi_1394.jpg 511,332,579,425,0 667,315,800,480,0 136,68,149,77,0
/Ted/datasets/Garbage/pi/pi_1395.jpg 114,264,127,276,0 510,331,576,428,0 681,314,800,480,0 116,62,136,74,0
/Ted/datasets/Garbage/pi/pi_1396.jpg 513,331,577,427,0 280,27,289,36,0 670,315,800,480,0
/Ted/datasets/Garbage/pi/pi_1397.jpg 514,334,577,426,0 339,357,362,378,0 677,314,800,480,0
/Ted/datasets/Garbage/pi/pi_1398.jpg 515,339,573,428,0 61,94,71,101,0 677,312,800,480,0
/Ted/datasets/Garbage/pi/pi_1399.jpg 611,447,632,475,0 513,334,574,427,0 61,398,95,423,0 677,314,800,480,0
/Ted/datasets/Garbage/pi/pi_14.jpg 218,141,233,149,0 459,339,595,441,0
/Ted/datasets/Garbage/pi/pi_1400.jpg 247,208,254,217,0 349,318,370,335,0 511,336,572,428,0 39,303,63,322,0 430,111,443,124,0 684,307,800,480,0
/Ted/datasets/Garbage/pi/pi_1401.jpg 610,446,632,476,0 513,337,569,432,0 126,306,141,318,0 684,301,800,480,0
/Ted/datasets/Garbage/pi/pi_1402.jpg 609,447,632,475,0 514,331,580,432,0 55,339,87,361,0 680,302,800,480,0
/Ted/datasets/Garbage/pi/pi_1403.jpg 610,446,633,475,0 273,253,287,265,0 512,334,582,433,0 680,301,800,480,0
/Ted/datasets/Garbage/pi/pi_1404.jpg 212,13,221,22,0 450,87,463,101,0 509,332,583,432,0 677,309,800,480,0
/Ted/datasets/Garbage/pi/pi_1405.jpg 609,447,632,476,0 428,130,447,148,0 45,235,63,249,0 510,334,583,432,0 683,307,800,480,0
/Ted/datasets/Garbage/pi/pi_1406.jpg 1,70,26,94,0 516,342,572,429,0 683,309,800,480,0 305,347,316,359,0
/Ted/datasets/Garbage/pi/pi_1407.jpg 684,306,800,480,0 101,296,120,312,0 508,346,569,428,0
/Ted/datasets/Garbage/pi/pi_1408.jpg 512,336,576,425,0 185,182,206,196,0 677,312,800,480,0
/Ted/datasets/Garbage/pi/pi_1409.jpg 680,296,800,480,0 278,95,295,111,0 515,351,572,428,0
/Ted/datasets/Garbage/pi/pi_1410.jpg 142,238,149,248,0 131,197,143,207,0 513,361,574,422,0 682,320,800,480,0
/Ted/datasets/Garbage/pi/pi_1411.jpg 514,361,572,421,0 689,312,799,480,0 58,371,89,397,0 246,367,268,385,0
/Ted/datasets/Garbage/pi/pi_1412.jpg 676,304,800,480,0 511,361,580,416,0 151,147,162,160,0
/Ted/datasets/Garbage/pi/pi_1413.jpg 51,393,65,409,0 678,303,798,480,0 512,365,577,421,0
/Ted/datasets/Garbage/pi/pi_1414.jpg 678,311,795,480,0 500,128,518,145,0 294,132,313,143,0 514,364,576,420,0
/Ted/datasets/Garbage/pi/pi_1415.jpg 676,312,795,480,0 608,448,632,476,0 60,347,72,360,0 510,334,583,439,0
/Ted/datasets/Garbage/pi/pi_1416.jpg 609,446,632,476,0 510,335,583,440,0 142,425,159,443,0 676,312,792,465,0
/Ted/datasets/Garbage/pi/pi_1417.jpg 676,313,777,480,0 608,446,632,475,0 149,414,162,432,0 511,334,583,442,0
/Ted/datasets/Garbage/pi/pi_1418.jpg 409,328,426,348,0 416,194,431,207,0 608,447,632,476,0 322,309,333,322,0 511,335,584,433,0 681,323,784,465,0
/Ted/datasets/Garbage/pi/pi_1419.jpg 609,447,632,476,0 311,253,319,263,0 511,333,585,434,0 676,318,786,453,0
/Ted/datasets/Garbage/pi/pi_142.jpg 213,351,243,375,0 473,341,593,441,0
/Ted/datasets/Garbage/pi/pi_143.jpg 476,340,594,441,0 386,459,396,468,0
/Ted/datasets/Garbage/pi/pi_144.jpg 475,341,595,439,0 182,139,196,147,0 329,112,339,120,0
/Ted/datasets/Garbage/pi/pi_15.jpg 69,446,83,464,0 462,342,591,433,0
/Ted/datasets/Garbage/pi/pi_150.jpg 475,345,594,439,0 114,385,138,400,0 305,173,317,185,0
/Ted/datasets/Garbage/pi/pi_154.jpg 473,341,595,441,0 388,221,401,231,0
/Ted/datasets/Garbage/pi/pi_157.jpg 471,343,600,435,0 214,115,241,137,0 1,293,9,303,0
/Ted/datasets/Garbage/pi/pi_158.jpg 94,288,103,299,0 469,339,596,444,0
/Ted/datasets/Garbage/pi/pi_159.jpg 469,343,598,449,0 413,209,425,219,0
/Ted/datasets/Garbage/pi/pi_16.jpg 460,341,594,439,0 346,314,362,330,0 239,16,258,26,0
/Ted/datasets/Garbage/pi/pi_160.jpg 474,343,594,445,0 416,438,430,452,0 98,109,109,122,0 238,175,247,184,0
/Ted/datasets/Garbage/pi/pi_161.jpg 83,141,94,151,0 464,339,596,443,0
/Ted/datasets/Garbage/pi/pi_162.jpg 469,339,593,441,0 11,307,24,316,0
/Ted/datasets/Garbage/pi/pi_163.jpg 477,344,597,443,0
/Ted/datasets/Garbage/pi/pi_164.jpg 335,280,365,306,0 465,342,597,444,0
/Ted/datasets/Garbage/pi/pi_17.jpg 129,222,152,242,0 458,340,593,435,0
/Ted/datasets/Garbage/pi/pi_172.jpg 429,193,470,214,0 463,348,593,444,0
/Ted/datasets/Garbage/pi/pi_173.jpg 480,341,592,445,0 422,393,476,433,0
/Ted/datasets/Garbage/pi/pi_174.jpg 287,343,307,360,0 466,345,593,446,0
/Ted/datasets/Garbage/pi/pi_176.jpg 470,343,594,435,0 470,193,486,207,0
/Ted/datasets/Garbage/pi/pi_179.jpg 94,293,129,310,0 463,344,593,448,0 344,154,356,166,0
/Ted/datasets/Garbage/pi/pi_18.jpg 6,329,17,338,0 459,337,593,434,0
/Ted/datasets/Garbage/pi/pi_180.jpg 269,135,300,150,0 471,336,591,449,0
/Ted/datasets/Garbage/pi/pi_181.jpg 472,343,594,445,0 112,74,131,87,0
/Ted/datasets/Garbage/pi/pi_185.jpg 466,350,592,451,0 139,209,150,221,0 273,63,286,72,0 372,16,391,23,0
/Ted/datasets/Garbage/pi/pi_186.jpg 152,374,177,387,0 272,209,305,231,0 473,348,592,446,0
/Ted/datasets/Garbage/pi/pi_19.jpg 460,339,593,437,0 46,111,57,119,0 214,97,226,105,0 274,77,289,86,0
/Ted/datasets/Garbage/pi/pi_195.jpg 482,133,536,200,0 467,345,596,448,0
/Ted/datasets/Garbage/pi/pi_196.jpg 474,349,598,447,0 492,147,545,195,0 20,32,32,40,0
/Ted/datasets/Garbage/pi/pi_197.jpg 278,216,290,226,0 493,156,549,224,0 474,347,594,445,0
/Ted/datasets/Garbage/pi/pi_198.jpg 473,347,592,444,0 486,167,551,233,0 72,325,90,337,0 173,351,185,362,0
/Ted/datasets/Garbage/pi/pi_199.jpg 471,343,592,450,0 496,182,558,252,0
/Ted/datasets/Garbage/pi/pi_2.jpg 103,293,138,318,0 309,231,323,245,0 482,343,591,437,0 257,72,265,79,0
/Ted/datasets/Garbage/pi/pi_20.jpg 44,392,58,402,0 151,285,170,297,0 298,128,310,137,0 459,337,594,436,0
/Ted/datasets/Garbage/pi/pi_200.jpg 471,353,589,443,0 501,200,573,268,0
/Ted/datasets/Garbage/pi/pi_201.jpg 508,224,587,300,0 321,60,343,76,0 473,348,596,449,0
/Ted/datasets/Garbage/pi/pi_202.jpg 475,340,590,445,0 508,228,590,306,0 236,305,262,328,0
/Ted/datasets/Garbage/pi/pi_203.jpg 470,343,592,449,0 505,230,586,307,0 169,175,181,183,0
/Ted/datasets/Garbage/pi/pi_204.jpg 469,342,592,445,0 500,224,590,308,0 317,139,330,149,0
/Ted/datasets/Garbage/pi/pi_205.jpg 152,452,171,470,0 469,340,592,442,0 505,216,589,305,0
/Ted/datasets/Garbage/pi/pi_206.jpg 469,343,596,448,0 506,208,590,306,0 157,209,177,223,0 175,348,187,358,0
/Ted/datasets/Garbage/pi/pi_207.jpg 427,393,462,409,0 471,341,595,444,0 500,209,590,300,0
/Ted/datasets/Garbage/pi/pi_208.jpg 472,344,594,447,0 67,128,89,141,0 513,220,590,308,0
/Ted/datasets/Garbage/pi/pi_209.jpg 206,248,220,256,0 394,120,419,137,0 504,214,589,298,0 478,347,595,443,0
/Ted/datasets/Garbage/pi/pi_21.jpg 201,390,228,404,0 457,341,594,438,0
/Ted/datasets/Garbage/pi/pi_210.jpg 469,340,589,445,0 505,213,590,303,0 316,352,362,386,0 257,44,268,55,0 260,7,271,13,0
/Ted/datasets/Garbage/pi/pi_211.jpg 102,276,115,287,0 9,386,29,401,0 471,345,593,448,0 502,213,587,311,0
/Ted/datasets/Garbage/pi/pi_212.jpg 467,347,593,447,0 497,221,588,308,0
/Ted/datasets/Garbage/pi/pi_213.jpg 464,346,591,451,0 501,217,588,298,0 189,101,205,113,0 10,116,24,127,0
/Ted/datasets/Garbage/pi/pi_214.jpg 159,139,174,152,0 215,88,232,101,0 503,216,594,306,0 470,342,594,447,0
/Ted/datasets/Garbage/pi/pi_215.jpg 469,348,592,446,0 513,208,597,306,0 122,148,136,164,0
/Ted/datasets/Garbage/pi/pi_216.jpg 6,424,54,472,0 470,340,594,444,0 514,210,589,304,0
/Ted/datasets/Garbage/pi/pi_217.jpg 474,345,594,448,0 497,221,589,309,0 432,136,444,149,0 220,82,230,89,0
/Ted/datasets/Garbage/pi/pi_218.jpg 433,279,442,289,0 248,175,257,184,0 509,211,605,309,0 349,99,359,106,0 468,344,592,448,0
/Ted/datasets/Garbage/pi/pi_219.jpg 217,120,236,133,0 505,212,589,305,0 475,344,590,447,0
/Ted/datasets/Garbage/pi/pi_22.jpg 455,336,596,433,0 245,152,259,160,0
/Ted/datasets/Garbage/pi/pi_220.jpg 470,347,593,450,0 434,420,450,432,0 256,215,267,225,0 511,204,592,311,0 286,13,296,22,0
/Ted/datasets/Garbage/pi/pi_221.jpg 465,344,601,451,0 508,200,604,306,0 192,267,202,277,0 331,165,340,172,0
/Ted/datasets/Garbage/pi/pi_222.jpg 473,344,597,448,0 514,204,595,301,0 252,82,264,92,0
/Ted/datasets/Garbage/pi/pi_223.jpg 57,470,83,480,0 473,338,591,450,0 508,195,600,298,0
/Ted/datasets/Garbage/pi/pi_224.jpg 280,37,297,50,0 494,216,590,310,0 473,337,589,450,0
/Ted/datasets/Garbage/pi/pi_225.jpg 139,305,154,328,0 469,343,592,450,0 512,225,590,310,0
/Ted/datasets/Garbage/pi/pi_226.jpg 474,341,589,448,0 14,155,31,170,0 244,157,256,165,0 510,227,593,315,0
/Ted/datasets/Garbage/pi/pi_227.jpg 465,344,591,448,0 504,225,594,310,0 224,42,234,50,0 332,21,341,27,0
/Ted/datasets/Garbage/pi/pi_228.jpg 56,363,65,374,0 261,219,276,230,0 473,345,591,443,0 506,224,590,310,0
/Ted/datasets/Garbage/pi/pi_229.jpg 475,349,589,449,0 208,342,225,354,0 507,223,590,318,0
/Ted/datasets/Garbage/pi/pi_23.jpg 456,339,589,433,0 144,217,155,225,0
/Ted/datasets/Garbage/pi/pi_230.jpg 58,401,77,417,0 471,344,592,449,0 509,225,589,305,0
/Ted/datasets/Garbage/pi/pi_231.jpg 203,279,221,290,0 475,347,590,449,0 508,231,590,304,0 236,82,248,92,0
/Ted/datasets/Garbage/pi/pi_232.jpg 9,450,26,462,0 501,222,590,303,0 474,345,588,445,0
/Ted/datasets/Garbage/pi/pi_233.jpg 213,385,239,419,0 473,343,591,450,0 502,220,591,307,0
/Ted/datasets/Garbage/pi/pi_234.jpg 501,234,590,308,0 472,346,590,450,0 255,312,300,337,0 89,182,98,191,0 329,94,372,121,0
/Ted/datasets/Garbage/pi/pi_235.jpg 228,66,242,75,0 260,34,267,40,0 475,349,593,447,0 509,231,589,306,0
/Ted/datasets/Garbage/pi/pi_236.jpg 114,343,132,356,0 9,466,38,480,0 254,114,273,127,0 475,346,590,444,0 497,221,592,307,0
/Ted/datasets/Garbage/pi/pi_238.jpg 94,63,117,76,0 512,230,593,308,0 470,347,593,446,0
/Ted/datasets/Garbage/pi/pi_239.jpg 124,46,137,56,0 494,228,593,314,0 475,343,588,449,0
/Ted/datasets/Garbage/pi/pi_24.jpg 298,124,314,138,0 458,345,592,434,0 34,426,45,435,0
/Ted/datasets/Garbage/pi/pi_240.jpg 295,17,318,29,0 467,349,589,448,0 509,228,592,300,0
/Ted/datasets/Garbage/pi/pi_241.jpg 190,256,223,279,0 159,228,177,242,0 289,422,302,432,0 467,346,592,448,0 490,228,591,304,0
/Ted/datasets/Garbage/pi/pi_242.jpg 282,55,301,66,0 506,230,593,304,0 471,343,592,447,0
/Ted/datasets/Garbage/pi/pi_243.jpg 182,356,220,378,0 465,345,590,449,0 511,228,591,300,0
/Ted/datasets/Garbage/pi/pi_244.jpg 80,201,100,214,0 471,350,593,452,0 502,218,592,306,0
/Ted/datasets/Garbage/pi/pi_245.jpg 143,271,167,289,0 222,248,256,277,0 471,350,591,446,0 504,228,593,298,0
/Ted/datasets/Garbage/pi/pi_246.jpg 475,342,592,450,0 502,222,592,306,0 225,224,235,232,0 325,160,334,166,0
/Ted/datasets/Garbage/pi/pi_247.jpg 198,94,212,102,0 495,228,590,309,0 474,345,593,451,0
/Ted/datasets/Garbage/pi/pi_248.jpg 475,345,592,451,0 505,228,593,303,0 311,134,326,144,0 33,11,48,22,0 21,16,31,24,0 226,97,233,105,0
/Ted/datasets/Garbage/pi/pi_249.jpg 205,463,229,480,0 477,344,592,445,0 498,229,593,310,0 277,50,287,59,0
/Ted/datasets/Garbage/pi/pi_25.jpg 459,344,594,439,0 64,375,77,384,0
/Ted/datasets/Garbage/pi/pi_250.jpg 73,127,102,147,0 82,312,100,325,0 106,239,119,251,0 493,230,596,312,0 474,345,590,447,0
/Ted/datasets/Garbage/pi/pi_251.jpg 473,347,590,453,0 506,230,590,308,0 179,173,188,180,0 105,191,116,202,0
/Ted/datasets/Garbage/pi/pi_252.jpg 221,223,238,236,0 471,345,594,447,0 491,229,595,310,0
/Ted/datasets/Garbage/pi/pi_253.jpg 187,223,199,235,0 498,233,600,305,0 472,344,593,447,0
/Ted/datasets/Garbage/pi/pi_254.jpg 467,350,592,447,0 499,227,595,314,0 107,179,118,190,0 196,214,217,232,0 220,214,232,222,0
/Ted/datasets/Garbage/pi/pi_255.jpg 211,71,229,81,0 283,93,301,107,0 509,231,598,315,0 472,344,592,448,0 136,327,149,340,0
/Ted/datasets/Garbage/pi/pi_256.jpg 132,445,160,468,0 143,79,162,91,0 468,344,594,448,0 506,229,598,308,0
/Ted/datasets/Garbage/pi/pi_257.jpg 477,343,593,451,0 512,229,598,312,0 66,193,81,207,0 16,188,33,205,0 252,42,263,50,0 304,393,316,408,0
/Ted/datasets/Garbage/pi/pi_258.jpg 237,399,294,463,0 99,81,112,91,0 356,187,377,203,0 510,231,604,313,0 470,345,591,460,0
/Ted/datasets/Garbage/pi/pi_259.jpg 75,271,97,285,0 465,342,591,460,0 504,228,600,310,0
/Ted/datasets/Garbage/pi/pi_26.jpg 455,341,591,435,0 508,288,527,312,0
/Ted/datasets/Garbage/pi/pi_260.jpg 474,343,589,462,0 13,108,29,120,0 512,233,602,312,0 64,10,74,16,0
/Ted/datasets/Garbage/pi/pi_261.jpg 509,232,602,312,0 470,340,592,461,0 30,180,39,189,0 204,243,217,256,0
/Ted/datasets/Garbage/pi/pi_262.jpg 462,345,592,453,0 510,230,602,314,0 271,7,293,19,0
/Ted/datasets/Garbage/pi/pi_263.jpg 127,292,158,314,0 466,344,595,450,0 509,235,604,310,0
/Ted/datasets/Garbage/pi/pi_264.jpg 132,269,146,280,0 472,349,592,456,0 523,232,601,319,0
/Ted/datasets/Garbage/pi/pi_265.jpg 271,37,288,48,0 514,238,604,312,0 470,348,589,458,0
/Ted/datasets/Garbage/pi/pi_266.jpg 132,329,160,352,0 154,150,169,164,0 474,346,589,466,0 509,234,605,317,0
/Ted/datasets/Garbage/pi/pi_267.jpg 170,304,195,320,0 468,343,590,462,0 518,233,601,315,0
/Ted/datasets/Garbage/pi/pi_268.jpg 85,313,113,331,0 474,347,590,461,0 505,232,605,325,0
/Ted/datasets/Garbage/pi/pi_269.jpg 96,285,108,297,0 474,351,596,467,0 531,231,611,322,0
/Ted/datasets/Garbage/pi/pi_27.jpg 454,340,597,436,0 160,170,216,206,0
/Ted/datasets/Garbage/pi/pi_270.jpg 467,348,598,465,0 533,234,609,320,0 308,179,326,194,0
/Ted/datasets/Garbage/pi/pi_271.jpg 470,351,595,458,0 538,234,609,322,0 224,218,236,226,0
/Ted/datasets/Garbage/pi/pi_272.jpg 471,350,596,456,0 540,233,615,324,0 263,355,284,374,0
/Ted/datasets/Garbage/pi/pi_273.jpg 476,355,592,463,0 542,237,612,318,0 285,127,316,148,0 175,307,188,319,0
/Ted/datasets/Garbage/pi/pi_274.jpg 181,461,209,478,0 468,355,597,455,0 538,233,612,320,0 244,371,254,378,0 284,291,292,296,0
/Ted/datasets/Garbage/pi/pi_275.jpg 480,352,594,455,0 540,235,613,321,0 119,229,128,240,0
/Ted/datasets/Garbage/pi/pi_276.jpg 165,163,190,181,0 473,347,593,472,0 541,231,613,325,0
/Ted/datasets/Garbage/pi/pi_277.jpg 543,228,612,319,0 473,349,591,470,0 64,124,83,136,0
/Ted/datasets/Garbage/pi/pi_278.jpg 40,247,54,261,0 477,358,592,467,0 546,233,616,329,0 388,173,401,186,0
/Ted/datasets/Garbage/pi/pi_279.jpg 82,327,98,338,0 476,358,595,462,0 548,233,618,325,0 466,468,488,480,0
/Ted/datasets/Garbage/pi/pi_28.jpg 460,340,593,432,0 162,75,184,89,0
/Ted/datasets/Garbage/pi/pi_280.jpg 482,361,596,472,0 547,237,622,325,0 408,14,425,24,0 284,373,292,383,0
/Ted/datasets/Garbage/pi/pi_281.jpg 370,101,385,114,0 548,239,619,328,0 471,356,594,468,0
/Ted/datasets/Garbage/pi/pi_282.jpg 339,292,357,313,0 551,241,623,324,0 482,359,596,466,0
/Ted/datasets/Garbage/pi/pi_283.jpg 184,305,205,321,0 489,358,596,460,0 569,458,606,480,0 552,229,628,335,0
/Ted/datasets/Garbage/pi/pi_284.jpg 530,456,619,480,0 488,359,598,460,0 556,240,627,331,0 262,32,272,40,0
/Ted/datasets/Garbage/pi/pi_285.jpg 486,359,596,460,0 540,451,610,480,0 555,237,627,332,0 100,303,112,317,0
/Ted/datasets/Garbage/pi/pi_286.jpg 363,289,379,306,0 288,8,307,17,0 485,356,597,461,0 536,450,617,480,0 560,235,631,329,0
/Ted/datasets/Garbage/pi/pi_287.jpg 215,176,237,194,0 486,360,593,456,0 531,451,608,480,0 562,236,629,337,0
/Ted/datasets/Garbage/pi/pi_288.jpg 557,239,628,330,0 486,359,606,462,0 530,441,604,480,0
/Ted/datasets/Garbage/pi/pi_289.jpg 529,446,602,480,0 482,356,600,460,0 562,237,630,330,0
/Ted/datasets/Garbage/pi/pi_29.jpg 82,407,96,421,0 456,341,594,439,0
/Ted/datasets/Garbage/pi/pi_290.jpg 562,235,631,326,0 482,363,600,458,0 533,444,604,480,0 148,247,178,262,0
/Ted/datasets/Garbage/pi/pi_291.jpg 234,44,247,55,0 556,236,635,332,0 484,360,598,460,0 526,443,606,480,0 435,62,451,76,0 141,69,149,76,0
/Ted/datasets/Garbage/pi/pi_296.jpg 122,194,141,210,0 555,233,633,336,0 479,355,598,458,0 527,441,605,480,0
/Ted/datasets/Garbage/pi/pi_3.jpg 150,317,163,329,0 452,84,462,98,0 479,343,591,443,0
/Ted/datasets/Garbage/pi/pi_30.jpg 160,273,178,287,0 455,340,597,437,0
/Ted/datasets/Garbage/pi/pi_302.jpg 267,107,277,122,0 564,233,630,331,0 486,353,598,456,0 528,447,610,480,0
/Ted/datasets/Garbage/pi/pi_303.jpg 139,393,160,417,0 489,363,601,462,0 529,450,608,480,0 560,235,628,333,0 209,93,223,102,0
/Ted/datasets/Garbage/pi/pi_304.jpg 29,440,56,458,0 560,228,633,332,0 486,367,603,464,0 526,446,608,480,0 206,76,217,84,0
/Ted/datasets/Garbage/pi/pi_308.jpg 482,367,613,463,0 567,243,631,332,0 526,454,611,480,0 226,31,235,38,0
/Ted/datasets/Garbage/pi/pi_309.jpg 44,356,64,382,0 103,271,115,282,0 487,364,601,458,0 528,448,616,480,0 567,237,625,334,0
/Ted/datasets/Garbage/pi/pi_31.jpg 79,324,97,337,0 452,340,594,436,0
/Ted/datasets/Garbage/pi/pi_318.jpg 571,231,642,337,0 471,262,485,272,0 488,362,607,458,0 532,454,612,480,0
/Ted/datasets/Garbage/pi/pi_32.jpg 288,51,299,60,0 451,339,595,435,0
/Ted/datasets/Garbage/pi/pi_322.jpg 209,127,225,139,0 486,359,602,463,0 535,458,616,480,0 578,231,651,333,0 378,5,389,12,0
/Ted/datasets/Garbage/pi/pi_323.jpg 486,362,602,463,0 535,455,622,480,0 577,238,645,333,0 362,110,375,117,0
/Ted/datasets/Garbage/pi/pi_324.jpg 568,236,648,334,0 491,362,602,468,0 540,459,622,480,0 323,301,340,316,0
/Ted/datasets/Garbage/pi/pi_328.jpg 73,431,89,443,0 504,395,623,480,0 577,236,646,337,0
/Ted/datasets/Garbage/pi/pi_329.jpg 117,202,131,213,0 581,237,645,334,0 568,302,578,316,0
/Ted/datasets/Garbage/pi/pi_33.jpg 458,339,594,433,0 220,254,228,266,0 294,133,307,144,0
/Ted/datasets/Garbage/pi/pi_330.jpg 568,237,655,333,0 138,151,152,163,0
/Ted/datasets/Garbage/pi/pi_334.jpg 759,428,778,448,0 574,239,655,334,0
/Ted/datasets/Garbage/pi/pi_335.jpg 572,237,651,333,0
/Ted/datasets/Garbage/pi/pi_336.jpg 13,158,21,166,0 579,239,655,333,0
/Ted/datasets/Garbage/pi/pi_337.jpg 115,130,132,142,0 360,15,368,24,0 576,237,658,337,0
/Ted/datasets/Garbage/pi/pi_338.jpg 574,235,655,333,0 339,197,353,207,0
/Ted/datasets/Garbage/pi/pi_34.jpg 169,415,192,433,0 457,338,594,433,0 247,65,257,72,0
/Ted/datasets/Garbage/pi/pi_346.jpg 575,240,651,335,0 196,38,208,48,0
/Ted/datasets/Garbage/pi/pi_347.jpg 575,237,653,333,0 1,412,17,432,0
/Ted/datasets/Garbage/pi/pi_349.jpg 575,240,660,332,0 289,30,310,48,0
/Ted/datasets/Garbage/pi/pi_35.jpg 100,376,110,386,0 456,341,597,433,0
/Ted/datasets/Garbage/pi/pi_350.jpg 575,240,651,337,0 129,308,160,343,0
/Ted/datasets/Garbage/pi/pi_352.jpg 574,234,655,334,0 513,319,524,331,0 209,144,231,166,0 1,351,43,390,0 106,291,140,320,0
/Ted/datasets/Garbage/pi/pi_353.jpg 582,235,660,332,0 134,109,151,118,0
/Ted/datasets/Garbage/pi/pi_36.jpg 454,339,594,435,0 382,38,397,52,0 277,15,291,22,0
/Ted/datasets/Garbage/pi/pi_360.jpg 581,238,658,333,0 333,13,346,22,0
/Ted/datasets/Garbage/pi/pi_361.jpg 262,190,279,203,0 579,241,658,335,0
/Ted/datasets/Garbage/pi/pi_362.jpg 580,236,658,332,0 220,85,229,95,0 204,140,215,151,0
/Ted/datasets/Garbage/pi/pi_363.jpg 42,459,73,480,0 585,238,666,333,0
/Ted/datasets/Garbage/pi/pi_37.jpg 458,341,598,436,0 150,210,164,223,0
/Ted/datasets/Garbage/pi/pi_375.jpg 107,347,117,358,0 577,234,664,333,0
/Ted/datasets/Garbage/pi/pi_379.jpg 581,238,665,332,0 197,104,213,119,0
/Ted/datasets/Garbage/pi/pi_38.jpg 463,339,591,434,0 253,36,263,45,0
/Ted/datasets/Garbage/pi/pi_380.jpg 18,466,42,480,0 305,250,321,264,0 585,240,668,332,0
/Ted/datasets/Garbage/pi/pi_39.jpg 99,287,110,297,0 457,343,591,436,0
/Ted/datasets/Garbage/pi/pi_393.jpg 590,241,669,333,0 401,264,425,287,0
/Ted/datasets/Garbage/pi/pi_394.jpg 590,239,672,335,0 212,93,228,106,0
/Ted/datasets/Garbage/pi/pi_395.jpg 590,238,674,331,0 6,455,31,470,0
/Ted/datasets/Garbage/pi/pi_398.jpg 589,239,677,339,0 406,99,424,113,0
/Ted/datasets/Garbage/pi/pi_399.jpg 592,238,678,339,0 378,269,399,285,0 59,300,73,314,0
/Ted/datasets/Garbage/pi/pi_4.jpg 432,146,450,164,0 479,338,590,443,0
/Ted/datasets/Garbage/pi/pi_40.jpg 459,339,593,436,0 253,104,262,110,0
/Ted/datasets/Garbage/pi/pi_401.jpg 589,240,676,334,0 66,216,79,225,0 197,165,212,174,0
/Ted/datasets/Garbage/pi/pi_402.jpg 257,40,274,52,0 1,401,25,424,0 589,238,673,334,0
/Ted/datasets/Garbage/pi/pi_407.jpg 112,117,129,127,0 593,242,679,333,0
/Ted/datasets/Garbage/pi/pi_41.jpg 96,425,106,437,0 457,341,594,436,0
/Ted/datasets/Garbage/pi/pi_415.jpg 600,244,682,334,0 159,181,178,195,0
/Ted/datasets/Garbage/pi/pi_418.jpg 173,242,186,255,0 604,245,688,333,0 422,409,437,420,0 225,109,239,117,0
/Ted/datasets/Garbage/pi/pi_419.jpg 257,180,266,188,0 600,243,690,343,0
/Ted/datasets/Garbage/pi/pi_42.jpg 456,339,591,437,0 206,48,217,57,0
/Ted/datasets/Garbage/pi/pi_420.jpg 599,245,686,335,0 139,65,159,78,0
/Ted/datasets/Garbage/pi/pi_421.jpg 209,367,236,400,0 596,244,692,337,0
/Ted/datasets/Garbage/pi/pi_422.jpg 106,29,122,42,0 65,263,81,272,0 600,238,689,338,0
/Ted/datasets/Garbage/pi/pi_423.jpg 19,367,29,378,0 259,113,285,125,0 605,241,703,341,0
/Ted/datasets/Garbage/pi/pi_424.jpg 602,247,696,341,0 127,171,144,183,0
/Ted/datasets/Garbage/pi/pi_425.jpg 606,248,697,340,0 62,152,75,161,0
/Ted/datasets/Garbage/pi/pi_426.jpg 609,252,705,345,0 56,230,65,238,0
/Ted/datasets/Garbage/pi/pi_427.jpg 615,255,708,347,0 200,28,212,37,0 226,28,238,33,0
/Ted/datasets/Garbage/pi/pi_428.jpg 615,250,712,342,0 43,306,65,322,0
/Ted/datasets/Garbage/pi/pi_429.jpg 612,254,710,350,0 128,325,141,334,0 159,103,168,109,0
/Ted/datasets/Garbage/pi/pi_43.jpg 1,356,13,370,0 456,342,593,435,0
/Ted/datasets/Garbage/pi/pi_430.jpg 618,255,709,351,0 128,155,142,166,0
/Ted/datasets/Garbage/pi/pi_431.jpg 617,252,712,349,0 167,144,188,156,0 176,97,193,105,0
/Ted/datasets/Garbage/pi/pi_432.jpg 622,262,717,354,0 246,83,265,91,0
/Ted/datasets/Garbage/pi/pi_433.jpg 63,410,97,436,0 623,262,725,356,0
/Ted/datasets/Garbage/pi/pi_434.jpg 625,259,724,358,0 109,305,121,315,0 223,207,235,215,0
/Ted/datasets/Garbage/pi/pi_435.jpg 622,263,721,360,0 39,309,55,319,0 266,253,279,261,0
/Ted/datasets/Garbage/pi/pi_436.jpg 205,130,225,141,0 616,259,724,362,0
/Ted/datasets/Garbage/pi/pi_437.jpg 625,268,724,362,0 233,185,242,192,0
/Ted/datasets/Garbage/pi/pi_438.jpg 628,266,726,365,0 152,120,163,127,0
/Ted/datasets/Garbage/pi/pi_439.jpg 630,270,728,364,0 34,247,55,265,0
/Ted/datasets/Garbage/pi/pi_44.jpg 43,38,56,48,0 458,339,592,439,0
/Ted/datasets/Garbage/pi/pi_440.jpg 632,271,731,362,0 96,444,110,454,0 293,308,302,317,0
/Ted/datasets/Garbage/pi/pi_441.jpg 280,261,296,277,0 632,267,736,367,0 340,409,358,423,0
/Ted/datasets/Garbage/pi/pi_442.jpg 97,303,118,316,0 627,268,728,363,0
/Ted/datasets/Garbage/pi/pi_443.jpg 270,84,312,107,0 636,266,735,362,0
/Ted/datasets/Garbage/pi/pi_444.jpg 147,334,206,382,0 631,266,731,363,0
/Ted/datasets/Garbage/pi/pi_445.jpg 30,235,46,249,0 636,267,731,368,0
/Ted/datasets/Garbage/pi/pi_446.jpg 320,160,335,172,0 628,259,727,362,0
/Ted/datasets/Garbage/pi/pi_447.jpg 637,266,733,364,0
/Ted/datasets/Garbage/pi/pi_448.jpg 204,162,213,172,0 198,194,209,203,0 162,208,171,218,0 102,366,111,373,0 637,269,728,370,0
/Ted/datasets/Garbage/pi/pi_449.jpg 286,132,309,145,0 630,271,734,364,0
/Ted/datasets/Garbage/pi/pi_450.jpg 633,267,734,366,0 146,454,178,480,0
/Ted/datasets/Garbage/pi/pi_451.jpg 631,262,737,370,0 122,317,134,328,0
/Ted/datasets/Garbage/pi/pi_452.jpg 631,269,736,368,0 250,48,267,60,0
/Ted/datasets/Garbage/pi/pi_453.jpg 138,354,166,376,0 633,267,735,374,0
/Ted/datasets/Garbage/pi/pi_454.jpg 633,271,733,369,0 3,216,28,236,0 256,48,278,61,0
/Ted/datasets/Garbage/pi/pi_455.jpg 621,268,733,368,0 101,305,142,332,0
/Ted/datasets/Garbage/pi/pi_456.jpg 639,263,733,368,0 477,162,493,177,0 253,5,263,12,0
/Ted/datasets/Garbage/pi/pi_457.jpg 119,234,134,249,0 630,267,733,378,0
/Ted/datasets/Garbage/pi/pi_458.jpg 635,267,731,372,0 154,84,169,92,0
/Ted/datasets/Garbage/pi/pi_459.jpg 633,279,735,376,0 223,208,248,225,0
/Ted/datasets/Garbage/pi/pi_46.jpg 257,261,293,278,0 456,342,595,435,0
/Ted/datasets/Garbage/pi/pi_460.jpg 635,281,736,377,0 78,192,104,211,0
/Ted/datasets/Garbage/pi/pi_461.jpg 638,275,736,375,0
/Ted/datasets/Garbage/pi/pi_462.jpg 639,280,735,379,0 121,203,136,214,0
/Ted/datasets/Garbage/pi/pi_463.jpg 642,279,737,378,0 78,192,109,209,0 305,75,317,84,0
/Ted/datasets/Garbage/pi/pi_464.jpg 638,275,740,376,0 149,351,186,374,0 323,206,341,221,0
/Ted/datasets/Garbage/pi/pi_465.jpg 639,275,740,388,0 300,39,313,47,0
/Ted/datasets/Garbage/pi/pi_466.jpg 639,276,740,385,0 204,330,223,350,0
/Ted/datasets/Garbage/pi/pi_467.jpg 219,189,245,202,0 640,283,736,382,0
/Ted/datasets/Garbage/pi/pi_468.jpg 641,277,747,383,0 48,256,58,265,0 89,357,100,365,0
/Ted/datasets/Garbage/pi/pi_469.jpg 645,277,734,391,0 184,37,195,45,0
/Ted/datasets/Garbage/pi/pi_47.jpg 459,341,593,435,0 254,142,265,149,0 321,85,349,106,0
/Ted/datasets/Garbage/pi/pi_470.jpg 644,290,741,386,0 221,238,244,250,0
/Ted/datasets/Garbage/pi/pi_471.jpg 644,289,747,392,0 34,240,76,265,0
/Ted/datasets/Garbage/pi/pi_472.jpg 652,285,746,396,0 239,354,254,367,0 12,219,38,240,0 34,142,66,170,0
/Ted/datasets/Garbage/pi/pi_473.jpg 647,289,743,393,0 204,70,218,78,0 232,36,241,41,0 327,76,334,83,0
/Ted/datasets/Garbage/pi/pi_474.jpg 647,288,747,394,0 250,356,266,371,0 44,327,60,347,0 66,340,75,350,0 16,425,30,443,0
/Ted/datasets/Garbage/pi/pi_475.jpg 654,288,748,392,0 361,420,375,430,0
/Ted/datasets/Garbage/pi/pi_476.jpg 651,290,746,397,0 182,61,201,70,0 390,234,401,244,0
/Ted/datasets/Garbage/pi/pi_477.jpg 362,444,378,459,0 650,290,745,398,0 1,437,13,451,0 241,242,255,253,0 268,124,275,129,0 225,66,240,78,0 293,208,306,222,0
/Ted/datasets/Garbage/pi/pi_478.jpg 1,460,19,480,0 647,284,745,395,0
/Ted/datasets/Garbage/pi/pi_479.jpg 648,291,743,399,0 42,463,54,474,0 285,23,307,32,0
/Ted/datasets/Garbage/pi/pi_48.jpg 460,340,594,435,0 244,325,271,348,0
/Ted/datasets/Garbage/pi/pi_480.jpg 651,287,746,395,0 189,267,226,291,0 163,43,174,52,0
/Ted/datasets/Garbage/pi/pi_481.jpg 47,298,65,307,0 306,65,319,75,0 651,283,744,398,0
/Ted/datasets/Garbage/pi/pi_482.jpg 655,286,743,394,0 224,333,240,344,0 172,175,197,194,0
/Ted/datasets/Garbage/pi/pi_483.jpg 656,287,735,406,0 175,176,196,188,0 242,73,267,82,0
/Ted/datasets/Garbage/pi/pi_484.jpg 4,412,47,440,0 651,292,748,398,0
/Ted/datasets/Garbage/pi/pi_485.jpg 651,287,748,397,0 18,369,32,387,0 255,140,281,154,0 252,30,264,38,0
/Ted/datasets/Garbage/pi/pi_486.jpg 653,290,745,395,0 80,356,99,371,0
/Ted/datasets/Garbage/pi/pi_487.jpg 651,293,749,397,0 292,13,303,20,0 317,35,326,43,0
/Ted/datasets/Garbage/pi/pi_488.jpg 656,292,749,394,0 163,277,177,288,0 214,265,225,273,0 253,272,267,279,0
/Ted/datasets/Garbage/pi/pi_489.jpg 651,291,744,394,0 192,396,206,408,0
/Ted/datasets/Garbage/pi/pi_49.jpg 475,373,491,388,0 457,340,593,435,0
/Ted/datasets/Garbage/pi/pi_490.jpg 10,243,27,262,0 646,290,746,400,0
/Ted/datasets/Garbage/pi/pi_491.jpg 246,81,264,94,0 650,290,744,393,0
/Ted/datasets/Garbage/pi/pi_492.jpg 654,292,743,392,0 78,419,106,439,0
/Ted/datasets/Garbage/pi/pi_493.jpg 652,292,744,397,0 304,330,324,349,0
/Ted/datasets/Garbage/pi/pi_494.jpg 139,412,161,429,0 655,286,744,395,0
/Ted/datasets/Garbage/pi/pi_495.jpg 651,291,744,393,0
/Ted/datasets/Garbage/pi/pi_496.jpg 652,297,743,392,0 175,109,189,118,0
/Ted/datasets/Garbage/pi/pi_497.jpg 655,297,746,397,0 230,117,250,126,0
/Ted/datasets/Garbage/pi/pi_5.jpg 400,266,416,286,0 476,343,592,444,0
/Ted/datasets/Garbage/pi/pi_50.jpg 95,227,115,238,0 463,342,594,434,0
/Ted/datasets/Garbage/pi/pi_505.jpg 407,229,434,252,0 652,287,744,395,0
/Ted/datasets/Garbage/pi/pi_51.jpg 458,342,594,436,0 65,144,78,151,0 183,103,194,113,0
/Ted/datasets/Garbage/pi/pi_512.jpg 656,292,744,398,0 262,303,275,316,0
/Ted/datasets/Garbage/pi/pi_517.jpg 654,292,745,393,0 213,22,225,29,0
/Ted/datasets/Garbage/pi/pi_52.jpg 459,341,592,436,0 197,292,220,305,0 228,172,238,180,0
/Ted/datasets/Garbage/pi/pi_53.jpg 28,416,45,428,0 458,340,592,436,0
/Ted/datasets/Garbage/pi/pi_531.jpg 653,289,743,393,0 262,321,275,337,0
/Ted/datasets/Garbage/pi/pi_533.jpg 654,287,746,395,0 42,178,52,188,0
/Ted/datasets/Garbage/pi/pi_54.jpg 158,146,169,156,0 458,339,593,435,0
/Ted/datasets/Garbage/pi/pi_549.jpg 647,298,742,395,0 84,400,97,408,0
/Ted/datasets/Garbage/pi/pi_55.jpg 182,77,202,91,0 460,341,590,437,0 89,375,103,384,0
/Ted/datasets/Garbage/pi/pi_554.jpg 648,285,744,395,0 324,74,336,83,0
/Ted/datasets/Garbage/pi/pi_555.jpg 302,320,320,330,0 653,290,747,394,0
/Ted/datasets/Garbage/pi/pi_557.jpg 651,293,744,393,0 226,95,237,102,0
/Ted/datasets/Garbage/pi/pi_56.jpg 20,382,32,394,0 297,320,311,329,0 290,209,300,219,0 458,341,593,437,0
/Ted/datasets/Garbage/pi/pi_564.jpg 653,290,745,395,0 168,229,179,237,0
/Ted/datasets/Garbage/pi/pi_566.jpg 653,288,746,395,0 48,462,67,479,0
/Ted/datasets/Garbage/pi/pi_568.jpg 648,290,747,394,0 178,269,199,287,0
/Ted/datasets/Garbage/pi/pi_57.jpg 203,179,235,198,0 459,340,595,437,0
/Ted/datasets/Garbage/pi/pi_58.jpg 393,200,405,211,0 462,341,595,437,0
/Ted/datasets/Garbage/pi/pi_59.jpg 462,341,593,435,0 282,214,295,223,0 353,104,371,115,0 136,130,145,138,0
/Ted/datasets/Garbage/pi/pi_597.jpg 656,292,745,397,0 179,245,231,279,0
/Ted/datasets/Garbage/pi/pi_6.jpg 234,138,249,151,0 478,343,588,447,0
/Ted/datasets/Garbage/pi/pi_60.jpg 465,339,593,434,0 306,301,327,318,0
/Ted/datasets/Garbage/pi/pi_61.jpg 465,340,592,437,0 88,225,129,245,0
/Ted/datasets/Garbage/pi/pi_611.jpg 655,293,745,397,0 162,109,174,117,0 215,87,224,93,0
/Ted/datasets/Garbage/pi/pi_62.jpg 465,337,594,438,0
/Ted/datasets/Garbage/pi/pi_620.jpg 655,295,743,396,0 246,35,260,44,0
/Ted/datasets/Garbage/pi/pi_621.jpg 651,293,748,394,0 93,316,114,328,0
/Ted/datasets/Garbage/pi/pi_623.jpg 655,291,746,398,0 208,197,218,207,0
/Ted/datasets/Garbage/pi/pi_625.jpg 654,294,743,397,0 300,8,313,16,0
/Ted/datasets/Garbage/pi/pi_626.jpg 651,291,744,396,0 170,252,188,264,0
/Ted/datasets/Garbage/pi/pi_627.jpg 654,292,744,398,0 146,151,155,159,0
/Ted/datasets/Garbage/pi/pi_628.jpg 648,294,744,397,0 173,133,189,143,0
/Ted/datasets/Garbage/pi/pi_629.jpg 652,295,745,397,0 262,41,276,53,0
/Ted/datasets/Garbage/pi/pi_63.jpg 467,340,592,439,0
/Ted/datasets/Garbage/pi/pi_630.jpg 654,293,736,400,0 125,330,150,355,0
/Ted/datasets/Garbage/pi/pi_631.jpg 650,292,744,396,0 325,240,340,253,0 303,15,321,24,0
/Ted/datasets/Garbage/pi/pi_632.jpg 652,289,744,394,0 213,209,238,227,0
/Ted/datasets/Garbage/pi/pi_637.jpg 204,309,224,320,0 653,291,744,396,0
/Ted/datasets/Garbage/pi/pi_638.jpg 653,295,743,395,0 199,86,210,95,0
/Ted/datasets/Garbage/pi/pi_639.jpg 67,316,85,332,0 652,290,744,397,0
/Ted/datasets/Garbage/pi/pi_64.jpg 105,88,117,98,0 97,108,107,116,0 465,341,593,436,0
/Ted/datasets/Garbage/pi/pi_640.jpg 652,293,746,397,0 39,383,66,402,0
/Ted/datasets/Garbage/pi/pi_641.jpg 207,227,224,236,0 646,297,743,398,0
/Ted/datasets/Garbage/pi/pi_642.jpg 640,298,746,399,0 208,75,227,85,0
/Ted/datasets/Garbage/pi/pi_643.jpg 646,293,742,398,0 1,442,23,462,0 19,48,26,57,0
/Ted/datasets/Garbage/pi/pi_644.jpg 653,297,744,397,0 60,56,76,68,0
/Ted/datasets/Garbage/pi/pi_645.jpg 654,300,747,400,0 218,71,235,80,0
/Ted/datasets/Garbage/pi/pi_646.jpg 44,383,69,402,0 647,285,746,398,0
/Ted/datasets/Garbage/pi/pi_647.jpg 655,295,747,400,0 97,152,116,163,0
/Ted/datasets/Garbage/pi/pi_648.jpg 648,294,746,401,0 206,226,230,249,0
/Ted/datasets/Garbage/pi/pi_65.jpg 465,338,594,438,0 93,142,105,148,0
/Ted/datasets/Garbage/pi/pi_651.jpg 655,296,744,401,0 110,409,117,416,0 365,124,380,137,0
/Ted/datasets/Garbage/pi/pi_652.jpg 335,336,362,350,0 653,293,745,401,0
/Ted/datasets/Garbage/pi/pi_654.jpg 654,298,746,398,0 120,217,132,225,0
/Ted/datasets/Garbage/pi/pi_66.jpg 466,340,590,439,0
/Ted/datasets/Garbage/pi/pi_667.jpg 656,297,743,401,0 47,314,57,322,0 290,166,300,175,0
/Ted/datasets/Garbage/pi/pi_67.jpg 471,339,593,439,0 457,347,467,355,0
/Ted/datasets/Garbage/pi/pi_677.jpg 653,295,744,401,0 233,267,240,274,0
/Ted/datasets/Garbage/pi/pi_68.jpg 466,340,593,438,0 160,328,170,339,0
/Ted/datasets/Garbage/pi/pi_69.jpg 463,338,591,444,0 79,109,89,116,0
/Ted/datasets/Garbage/pi/pi_694.jpg 653,294,745,402,0 486,190,498,200,0
/Ted/datasets/Garbage/pi/pi_7.jpg 79,454,104,473,0 480,339,590,444,0
/Ted/datasets/Garbage/pi/pi_70.jpg 467,336,591,440,0 263,19,272,26,0
/Ted/datasets/Garbage/pi/pi_708.jpg 651,303,742,400,0 218,85,230,94,0
/Ted/datasets/Garbage/pi/pi_709.jpg 651,293,744,405,0 45,412,64,424,0
/Ted/datasets/Garbage/pi/pi_71.jpg 109,238,123,247,0 466,338,594,439,0
/Ted/datasets/Garbage/pi/pi_77.jpg 470,341,596,439,0 11,91,19,99,0
/Ted/datasets/Garbage/pi/pi_78.jpg 465,339,594,437,0
/Ted/datasets/Garbage/pi/pi_79.jpg 466,338,596,441,0 359,204,369,211,0
/Ted/datasets/Garbage/pi/pi_793.jpg 99,354,113,375,0 657,297,743,400,0
/Ted/datasets/Garbage/pi/pi_794.jpg 232,36,242,44,0 182,133,194,141,0 45,245,56,253,0 655,302,745,403,0
/Ted/datasets/Garbage/pi/pi_795.jpg 659,300,747,401,0 112,267,125,278,0
/Ted/datasets/Garbage/pi/pi_797.jpg 656,297,744,401,0 413,176,429,193,0
/Ted/datasets/Garbage/pi/pi_8.jpg 469,342,593,439,0 218,174,229,183,0
/Ted/datasets/Garbage/pi/pi_807.jpg 312,189,335,200,0 655,291,746,405,0
/Ted/datasets/Garbage/pi/pi_810.jpg 658,292,746,403,0 193,123,201,130,0
/Ted/datasets/Garbage/pi/pi_811.jpg 650,294,742,402,0 125,408,143,425,0
/Ted/datasets/Garbage/pi/pi_812.jpg 198,114,204,121,0 651,298,743,400,0
/Ted/datasets/Garbage/pi/pi_833.jpg 654,299,743,400,0 51,300,65,310,0
/Ted/datasets/Garbage/pi/pi_834.jpg 653,297,744,402,0 227,183,238,193,0 107,414,120,425,0
/Ted/datasets/Garbage/pi/pi_835.jpg 655,291,747,399,0 174,243,185,255,0
/Ted/datasets/Garbage/pi/pi_836.jpg 124,220,139,233,0 662,293,750,404,0
/Ted/datasets/Garbage/pi/pi_837.jpg 209,340,234,360,0 651,290,744,398,0
/Ted/datasets/Garbage/pi/pi_839.jpg 651,291,748,395,0 415,409,440,427,0 51,306,79,318,0
/Ted/datasets/Garbage/pi/pi_841.jpg 642,296,749,434,0 516,367,569,423,0 78,174,93,181,0
/Ted/datasets/Garbage/pi/pi_842.jpg 356,143,366,154,0 644,290,748,436,0 520,360,564,422,0
/Ted/datasets/Garbage/pi/pi_843.jpg 513,362,570,420,0 314,107,328,117,0 645,292,756,438,0
/Ted/datasets/Garbage/pi/pi_844.jpg 512,369,569,421,0 643,290,748,435,0 159,289,185,307,0
/Ted/datasets/Garbage/pi/pi_845.jpg 651,324,749,429,0 418,372,436,395,0 3,421,20,438,0 520,373,573,412,0
/Ted/datasets/Garbage/pi/pi_846.jpg 518,368,572,413,0 310,313,321,326,0 648,285,754,437,0 307,22,322,34,0
/Ted/datasets/Garbage/pi/pi_847.jpg 515,377,567,417,0 64,55,93,76,0 23,88,31,97,0 150,28,160,36,0 292,15,304,25,0 635,284,756,436,0
/Ted/datasets/Garbage/pi/pi_848.jpg 520,378,570,413,0 322,70,335,81,0 649,279,757,432,0
/Ted/datasets/Garbage/pi/pi_849.jpg 646,298,752,435,0 92,138,103,151,0 530,385,564,409,0
/Ted/datasets/Garbage/pi/pi_85.jpg 469,340,594,441,0 39,141,50,150,0 365,199,375,210,0
/Ted/datasets/Garbage/pi/pi_850.jpg 650,275,752,435,0 519,382,568,412,0 98,253,113,261,0
/Ted/datasets/Garbage/pi/pi_851.jpg 651,276,751,435,0 524,380,562,409,0 139,220,149,229,0
/Ted/datasets/Garbage/pi/pi_852.jpg 234,105,245,114,0 650,271,754,439,0 531,382,566,407,0
/Ted/datasets/Garbage/pi/pi_853.jpg 514,378,570,417,0 645,275,760,437,0 254,44,263,52,0 439,7,456,21,0
/Ted/datasets/Garbage/pi/pi_854.jpg 503,377,568,418,0 646,276,759,436,0 71,106,84,113,0 443,9,462,23,0
/Ted/datasets/Garbage/pi/pi_855.jpg 503,376,567,419,0 77,334,89,345,0 645,272,756,438,0 441,1,464,22,0
/Ted/datasets/Garbage/pi/pi_856.jpg 646,271,753,437,0 210,405,230,436,0 532,381,564,405,0 442,2,462,22,0
/Ted/datasets/Garbage/pi/pi_857.jpg 533,377,564,406,0 41,440,54,453,0 646,271,753,436,0
/Ted/datasets/Garbage/pi/pi_858.jpg 131,69,230,117,0 647,271,755,437,0 533,379,568,405,0
/Ted/datasets/Garbage/pi/pi_859.jpg 86,104,94,113,0 637,268,755,439,0 528,383,566,408,0
/Ted/datasets/Garbage/pi/pi_860.jpg 698,321,800,480,0 458,186,487,207,0
/Ted/datasets/Garbage/pi/pi_861.jpg 698,316,800,480,0 464,364,493,390,0
/Ted/datasets/Garbage/pi/pi_862.jpg 695,317,800,480,0 304,113,316,126,0
/Ted/datasets/Garbage/pi/pi_863.jpg 699,318,800,480,0 192,453,217,473,0
/Ted/datasets/Garbage/pi/pi_864.jpg 701,321,800,480,0 243,122,262,134,0
/Ted/datasets/Garbage/pi/pi_865.jpg 210,217,220,230,0 699,317,800,480,0
/Ted/datasets/Garbage/pi/pi_866.jpg 690,333,800,480,0 55,259,70,275,0
/Ted/datasets/Garbage/pi/pi_867.jpg 218,94,233,104,0 689,334,800,480,0
/Ted/datasets/Garbage/pi/pi_868.jpg 16,387,29,398,0 698,329,800,480,0
/Ted/datasets/Garbage/pi/pi_869.jpg 699,326,800,480,0 218,142,229,149,0
/Ted/datasets/Garbage/pi/pi_87.jpg 471,339,596,437,0 115,160,137,169,0
/Ted/datasets/Garbage/pi/pi_870.jpg 135,9,144,17,0 60,344,71,358,0 699,325,800,480,0
/Ted/datasets/Garbage/pi/pi_871.jpg 67,405,81,415,0 700,331,799,480,0 152,238,167,253,0
/Ted/datasets/Garbage/pi/pi_872.jpg 698,330,800,480,0 106,223,122,238,0
/Ted/datasets/Garbage/pi/pi_873.jpg 695,328,800,480,0 196,232,211,255,0
/Ted/datasets/Garbage/pi/pi_874.jpg 699,332,800,480,0 93,386,111,405,0
/Ted/datasets/Garbage/pi/pi_875.jpg 701,329,800,480,0 187,122,201,132,0 75,414,95,433,0
/Ted/datasets/Garbage/pi/pi_876.jpg 356,239,369,252,0 701,332,799,480,0 118,240,147,267,0
/Ted/datasets/Garbage/pi/pi_877.jpg 334,437,351,452,0 186,92,196,98,0 702,334,798,480,0 165,103,178,110,0 172,45,181,52,0
/Ted/datasets/Garbage/pi/pi_878.jpg 295,51,306,61,0 702,334,799,480,0 210,139,219,146,0
/Ted/datasets/Garbage/pi/pi_879.jpg 701,333,799,480,0 209,295,225,311,0
/Ted/datasets/Garbage/pi/pi_88.jpg 114,217,122,227,0 466,338,593,437,0
/Ted/datasets/Garbage/pi/pi_880.jpg 701,325,799,480,0 167,181,179,194,0
/Ted/datasets/Garbage/pi/pi_881.jpg 702,329,798,480,0 40,424,59,442,0
/Ted/datasets/Garbage/pi/pi_882.jpg 190,113,200,121,0 320,290,329,302,0 714,341,790,480,0 239,55,250,62,0
/Ted/datasets/Garbage/pi/pi_883.jpg 701,330,798,480,0 79,386,94,399,0
/Ted/datasets/Garbage/pi/pi_884.jpg 242,199,247,207,0 700,331,798,480,0 94,397,105,409,0
/Ted/datasets/Garbage/pi/pi_885.jpg 702,334,798,480,0 247,141,265,157,0
/Ted/datasets/Garbage/pi/pi_886.jpg 701,332,798,480,0 273,162,284,174,0
/Ted/datasets/Garbage/pi/pi_887.jpg 47,179,56,189,0 702,331,798,480,0 115,346,131,360,0
/Ted/datasets/Garbage/pi/pi_888.jpg 701,325,799,480,0 132,162,150,175,0
/Ted/datasets/Garbage/pi/pi_889.jpg 699,331,799,480,0 209,54,221,61,0 347,123,356,131,0
/Ted/datasets/Garbage/pi/pi_890.jpg 351,332,359,342,0 699,331,798,480,0 53,389,73,405,0
/Ted/datasets/Garbage/pi/pi_891.jpg 700,332,798,480,0 229,396,241,414,0
/Ted/datasets/Garbage/pi/pi_892.jpg 700,333,799,480,0 167,94,178,100,0
/Ted/datasets/Garbage/pi/pi_893.jpg 222,72,231,81,0 700,330,799,480,0
/Ted/datasets/Garbage/pi/pi_894.jpg 0,420,6,440,0 701,333,798,480,0
/Ted/datasets/Garbage/pi/pi_895.jpg 697,328,799,480,0 60,362,77,374,0 25,389,34,398,0
/Ted/datasets/Garbage/pi/pi_896.jpg 696,327,799,480,0 256,155,283,173,0
/Ted/datasets/Garbage/pi/pi_897.jpg 30,341,42,348,0 697,328,799,480,0
/Ted/datasets/Garbage/pi/pi_898.jpg 698,327,799,480,0 44,211,67,234,0
/Ted/datasets/Garbage/pi/pi_899.jpg 694,323,799,480,0 31,395,55,411,0
/Ted/datasets/Garbage/pi/pi_9.jpg 304,68,314,77,0 460,340,595,435,0
/Ted/datasets/Garbage/pi/pi_90.jpg 471,339,596,437,0 320,198,330,209,0
/Ted/datasets/Garbage/pi/pi_900.jpg 56,164,91,187,0 696,326,799,480,0
/Ted/datasets/Garbage/pi/pi_901.jpg 136,185,149,194,0 697,325,798,480,0
/Ted/datasets/Garbage/pi/pi_902.jpg 222,278,233,283,0 141,173,155,185,0 357,288,375,305,0 698,324,798,480,0
/Ted/datasets/Garbage/pi/pi_903.jpg 697,325,798,480,0 172,80,183,87,0
/Ted/datasets/Garbage/pi/pi_904.jpg 264,27,273,37,0 698,327,798,480,0
/Ted/datasets/Garbage/pi/pi_905.jpg 83,260,108,277,0 696,324,798,480,0
/Ted/datasets/Garbage/pi/pi_906.jpg 344,107,359,121,0 696,326,799,480,0
/Ted/datasets/Garbage/pi/pi_907.jpg 700,326,797,480,0 15,187,25,195,0 201,13,210,20,0
/Ted/datasets/Garbage/pi/pi_908.jpg 390,306,402,322,0 695,320,800,480,0 12,265,23,271,0
/Ted/datasets/Garbage/pi/pi_909.jpg 694,322,798,480,0 296,331,310,343,0
/Ted/datasets/Garbage/pi/pi_91.jpg 224,155,241,169,0 469,339,593,439,0
/Ted/datasets/Garbage/pi/pi_910.jpg 242,40,253,52,0 698,327,797,480,0
/Ted/datasets/Garbage/pi/pi_911.jpg 107,291,127,306,0 694,325,800,480,0
/Ted/datasets/Garbage/pi/pi_912.jpg 275,148,287,158,0 696,323,798,480,0
/Ted/datasets/Garbage/pi/pi_913.jpg 127,466,142,479,0 697,323,798,480,0 147,162,165,176,0
/Ted/datasets/Garbage/pi/pi_914.jpg 113,16,127,27,0 697,322,798,480,0 214,180,225,190,0
/Ted/datasets/Garbage/pi/pi_915.jpg 288,23,303,35,0 698,323,798,480,0
/Ted/datasets/Garbage/pi/pi_916.jpg 690,317,797,480,0 245,51,257,60,0
/Ted/datasets/Garbage/pi/pi_917.jpg 73,369,89,384,0 688,309,799,480,0
/Ted/datasets/Garbage/pi/pi_918.jpg 691,318,797,480,0 135,256,155,269,0 366,364,418,424,0 140,62,148,69,0
/Ted/datasets/Garbage/pi/pi_919.jpg 692,318,798,480,0 1,69,17,95,0
/Ted/datasets/Garbage/pi/pi_92.jpg 466,336,597,440,0 237,48,250,57,0
/Ted/datasets/Garbage/pi/pi_920.jpg 695,320,797,480,0 152,215,160,225,0
/Ted/datasets/Garbage/pi/pi_921.jpg 202,187,212,196,0 688,322,799,480,0
/Ted/datasets/Garbage/pi/pi_922.jpg 690,321,798,480,0 69,68,79,77,0 15,109,33,119,0 262,41,268,47,0 224,38,231,44,0 245,94,254,101,0
/Ted/datasets/Garbage/pi/pi_923.jpg 247,51,260,62,0 685,320,800,480,0 8,38,22,50,0
/Ted/datasets/Garbage/pi/pi_924.jpg 684,318,800,480,0 116,330,134,350,0 117,104,129,112,0 91,111,100,118,0
/Ted/datasets/Garbage/pi/pi_925.jpg 143,119,167,135,0 103,193,120,207,0 686,321,800,480,0
/Ted/datasets/Garbage/pi/pi_926.jpg 687,321,797,480,0 384,175,403,190,0 41,202,56,213,0
/Ted/datasets/Garbage/pi/pi_927.jpg 386,457,411,471,0 688,322,797,480,0
/Ted/datasets/Garbage/pi/pi_928.jpg 690,324,796,480,0 222,4,245,18,0
/Ted/datasets/Garbage/pi/pi_929.jpg 19,269,49,295,0 684,308,795,480,0
/Ted/datasets/Garbage/pi/pi_93.jpg 73,399,98,424,0 465,339,592,439,0 422,378,433,386,0
/Ted/datasets/Garbage/pi/pi_930.jpg 5,72,17,84,0 683,304,796,480,0 413,88,433,101,0
/Ted/datasets/Garbage/pi/pi_931.jpg 690,321,795,480,0 278,100,297,113,0
/Ted/datasets/Garbage/pi/pi_932.jpg 1,241,8,261,0 119,461,139,480,0 679,304,795,480,0
/Ted/datasets/Garbage/pi/pi_933.jpg 689,321,796,480,0 342,211,366,224,0
/Ted/datasets/Garbage/pi/pi_934.jpg 291,204,305,215,0 687,315,798,480,0
/Ted/datasets/Garbage/pi/pi_935.jpg 216,200,231,215,0 687,318,798,480,0
/Ted/datasets/Garbage/pi/pi_936.jpg 328,305,340,318,0 688,319,798,480,0 28,161,43,176,0
/Ted/datasets/Garbage/pi/pi_937.jpg 235,77,249,86,0 324,204,337,210,0 690,322,797,480,0
/Ted/datasets/Garbage/pi/pi_938.jpg 110,291,119,301,0 686,320,799,480,0 266,156,278,174,0
/Ted/datasets/Garbage/pi/pi_939.jpg 83,353,98,364,0 697,327,796,480,0 66,407,103,425,0
/Ted/datasets/Garbage/pi/pi_94.jpg 469,336,596,436,0 258,153,266,160,0 191,268,203,278,0
/Ted/datasets/Garbage/pi/pi_940.jpg 248,82,260,93,0 702,330,799,480,0
/Ted/datasets/Garbage/pi/pi_941.jpg 254,54,264,63,0 176,157,195,171,0 699,333,800,480,0
/Ted/datasets/Garbage/pi/pi_942.jpg 115,267,128,288,0 699,330,800,480,0 250,58,258,65,0 282,3,293,11,0
/Ted/datasets/Garbage/pi/pi_943.jpg 699,329,800,480,0 141,133,154,144,0
/Ted/datasets/Garbage/pi/pi_944.jpg 167,157,179,167,0 699,323,800,480,0
/Ted/datasets/Garbage/pi/pi_945.jpg 685,317,800,480,0 100,230,122,245,0
/Ted/datasets/Garbage/pi/pi_946.jpg 692,325,797,480,0 275,376,295,385,0
/Ted/datasets/Garbage/pi/pi_947.jpg 89,55,102,67,0 143,171,159,184,0 693,324,798,480,0
/Ted/datasets/Garbage/pi/pi_948.jpg 159,174,177,187,0 694,325,797,480,0
/Ted/datasets/Garbage/pi/pi_949.jpg 65,313,101,348,0 694,325,797,480,0
/Ted/datasets/Garbage/pi/pi_95.jpg 290,23,303,32,0 470,337,594,443,0
/Ted/datasets/Garbage/pi/pi_950.jpg 243,439,254,455,0 686,316,799,480,0
/Ted/datasets/Garbage/pi/pi_951.jpg 687,318,799,480,0 1,223,21,246,0
/Ted/datasets/Garbage/pi/pi_952.jpg 650,278,756,436,0 464,76,481,90,0 530,383,567,415,0
/Ted/datasets/Garbage/pi/pi_953.jpg 433,111,451,128,0 649,279,757,435,0 524,380,570,413,0
/Ted/datasets/Garbage/pi/pi_954.jpg 525,374,575,415,0 289,53,300,63,0 645,274,757,437,0 1,1,39,26,0
/Ted/datasets/Garbage/pi/pi_955.jpg 1,1,32,24,0 515,377,569,419,0 644,273,759,438,0 158,304,171,316,0
/Ted/datasets/Garbage/pi/pi_956.jpg 158,10,170,20,0 646,274,759,438,0 1,1,16,23,0 522,376,570,414,0
/Ted/datasets/Garbage/pi/pi_957.jpg 521,376,567,414,0 271,50,287,63,0 645,274,759,439,0
/Ted/datasets/Garbage/pi/pi_958.jpg 646,275,758,437,0 525,380,569,408,0 147,300,157,314,0
/Ted/datasets/Garbage/pi/pi_959.jpg 511,377,575,419,0 645,273,758,439,0 223,145,235,152,0
/Ted/datasets/Garbage/pi/pi_96.jpg 208,243,228,257,0 469,343,594,441,0
/Ted/datasets/Garbage/pi/pi_960.jpg 680,312,800,480,0 235,325,249,337,0 28,374,42,389,0 197,130,213,140,0 301,4,317,13,0
/Ted/datasets/Garbage/pi/pi_961.jpg 680,311,800,480,0 232,194,249,206,0
/Ted/datasets/Garbage/pi/pi_962.jpg 203,60,213,74,0 682,314,800,480,0 50,271,64,287,0
/Ted/datasets/Garbage/pi/pi_963.jpg 683,315,800,480,0 82,206,93,216,0 328,307,342,317,0 225,46,238,57,0
/Ted/datasets/Garbage/pi/pi_964.jpg 685,317,800,480,0 230,43,243,51,0 184,65,196,74,0 142,170,151,181,0 258,309,272,317,0
/Ted/datasets/Garbage/pi/pi_965.jpg 165,226,175,234,0 687,318,800,480,0 47,275,55,284,0
/Ted/datasets/Garbage/pi/pi_966.jpg 293,308,318,327,0 697,327,795,480,0 90,205,124,241,0
/Ted/datasets/Garbage/pi/pi_967.jpg 98,69,119,84,0 698,326,793,480,0
/Ted/datasets/Garbage/pi/pi_968.jpg 191,104,207,116,0 39,322,60,336,0 699,329,794,480,0
/Ted/datasets/Garbage/pi/pi_969.jpg 114,123,128,136,0 699,329,794,480,0
/Ted/datasets/Garbage/pi/pi_970.jpg 687,318,799,480,0 112,409,139,429,0
/Ted/datasets/Garbage/pi/pi_971.jpg 691,320,797,480,0 148,84,165,100,0
/Ted/datasets/Garbage/pi/pi_972.jpg 351,242,376,263,0 697,326,794,480,0 353,94,361,103,0
/Ted/datasets/Garbage/pi/pi_973.jpg 700,329,793,480,0 295,305,306,316,0
/Ted/datasets/Garbage/pi/pi_974.jpg 156,69,172,84,0 698,327,794,480,0
/Ted/datasets/Garbage/pi/pi_975.jpg 687,319,799,480,0 210,165,227,180,0
/Ted/datasets/Garbage/pi/pi_976.jpg 86,255,94,264,0 167,204,179,216,0 688,317,797,480,0
/Ted/datasets/Garbage/pi/pi_977.jpg 161,106,174,120,0 685,317,800,480,0
/Ted/datasets/Garbage/pi/pi_978.jpg 225,287,233,302,0 685,319,800,480,0 83,310,97,318,0
/Ted/datasets/Garbage/pi/pi_979.jpg 668,296,799,474,0 236,187,251,198,0
/Ted/datasets/Garbage/pi/pi_98.jpg 466,340,589,432,0 281,35,302,45,0
/Ted/datasets/Garbage/pi/pi_980.jpg 683,319,800,480,0 55,201,75,221,0
/Ted/datasets/Garbage/pi/pi_981.jpg 668,295,798,475,0 104,390,114,401,0
/Ted/datasets/Garbage/pi/pi_982.jpg 250,116,260,125,0 684,319,800,480,0
/Ted/datasets/Garbage/pi/pi_983.jpg 225,63,240,75,0 687,321,800,480,0
/Ted/datasets/Garbage/pi/pi_984.jpg 683,317,800,480,0 205,143,217,154,0
/Ted/datasets/Garbage/pi/pi_985.jpg 685,318,800,480,0 183,94,192,104,0
/Ted/datasets/Garbage/pi/pi_986.jpg 691,319,797,480,0 46,263,65,283,0
/Ted/datasets/Garbage/pi/pi_987.jpg 300,92,306,101,0 696,326,796,480,0
/Ted/datasets/Garbage/pi/pi_988.jpg 157,286,170,301,0 702,332,796,480,0
/Ted/datasets/Garbage/pi/pi_989.jpg 682,316,800,480,0 17,248,34,265,0
/Ted/datasets/Garbage/pi/pi_99.jpg 104,304,131,331,0 472,343,592,444,0
/Ted/datasets/Garbage/pi/pi_990.jpg 141,82,159,93,0 688,319,799,480,0
/Ted/datasets/Garbage/pi/pi_991.jpg 198,229,210,239,0 690,320,800,480,0
/Ted/datasets/Garbage/pi/pi_992.jpg 689,317,800,480,0
/Ted/datasets/Garbage/pi/pi_993.jpg 677,298,786,465,0 350,68,371,80,0
/Ted/datasets/Garbage/pi/pi_994.jpg 677,298,787,467,0 245,314,276,340,0
/Ted/datasets/Garbage/pi/pi_995.jpg 685,311,800,480,0 74,415,88,428,0
/Ted/datasets/Garbage/pi/pi_996.jpg 679,296,784,466,0 111,271,144,295,0
/Ted/datasets/Garbage/pi/pi_997.jpg 678,294,784,469,0 126,341,176,388,0
/Ted/datasets/Garbage/pi/pi_998.jpg 670,293,790,463,0 78,352,93,370,0 136,221,146,231,0
/Ted/datasets/Garbage/pi/pi_999.jpg 112,281,124,303,0 141,80,153,87,0
